-0.09760917325546509
0.18895010083211536
-0.35421984491417247
0.3950683031127574
-0.5251612898972378
-0.03385760069213328
-0.21851600751434266
0.039331333254517556
0.041568399310660475
0.5675764750001063
-0.38383857819016826
0.09055464139883157
0.42580317564515957
0.08573104949368093
-0.3954593449731939
0.49800396939160424
0.5199702078139887
0.37263463704494554
0.10724324226616148
0.15011382576098042
0.13365611056532806
0.7296808349377719
-0.5172274773581388
1.0000226489114445
-0.7295170374254873
0.5871502652451688
-0.516584599731752
0.9217128488417707
-1.1913726888412757
0.6853920265424047
-0.7069510407016724
-0.3179098568867322
0.6238606051773905
-0.7166752250118454
0.2582429393879735
-0.44431857855820717
-0.7023338528942992
0.005718451211457282
-0.08400156715953996
-0.013743215246939527
-0.300475649986509
0.6435268582289847
-0.522404665023164
0.1996395536622716
-0.4347458779248248
1.23148162628334
-0.7221364411750752
-0.22416552075061852
0.5153599166172449
-0.07554055644053492
0.03073736332081875
-0.16833716966502857
0.31591936657315034
0.8135955400993045
-0.16249620896597572
0.33384881582173287
0.11320406603018637
-0.40224140620748094
0.2557460446182674
0.6121980980910292
0.6558610028027615
-0.7681603659348593
-0.18804057576823746
-0.7967266308695544
-0.8366766769980342
-0.798007635038922
0.27015440045071226
0.21739878547488384
-0.8108750618650866
-1.0522685766562716
0.633878132018085
0.5578096739043831
