-0.20104927412748075
0.44797343782294924
0.48730206822147715
-0.19383787746817768
-0.4564317392484373
0.3888171494073779
-0.46481727881767687
-0.09015330114679374
-0.3696264422549774
-0.04617112280193178
-0.25175551927564505
-0.061723921244375035
-0.7985496312760585
0.5700674672829802
0.5690177126197947
-0.40278372906530996
-0.2941413036859742
-0.3395435692505764
-0.9224040357536536
0.29747778015624643
0.428660323050271
0.1791590072056074
-0.414155284601173
0.19326211403163338
-0.9678518967343517
0.8365235049787854
-0.2828307306816239
0.1535570449831968
-0.049416579288628526
0.700693676618775
-0.13729815671590032
-0.3912025132279689
-0.34214979325379763
0.5948524698228292
-0.18947382122366638
0.8960372771145254
0.12666413312140345
-0.597340454726375
-0.6677876965364731
0.9784520618616592
-0.5508907355283328
-0.23107713233889893
-0.9752898931619916
0.8259994590577211
-0.20848077279085467
0.6668501807610533
-0.31416292399302864
0.22799323298570057
-0.6119669030097911
-0.3646806547871664
0.24289840543746222
-1.0929868877746838
0.21548967194618474
0.19858864219876718
0.33021199643752036
0.30196489010556593
-0.02609050867002652
-0.9845780927350315
0.0015149010547886414
0.2096259028053646
0.5265569384251709
-0.16411344313757686
0.2864016479101151
-0.22541901227860428
-0.5992187576908177
-0.06775236653237593
1.0705012434884813
0.5721371015699985
-0.8789638329020977
-0.6805320416155459
-0.0720746778212338
1.2860725422754435
