-0.32713476024749977
-0.15129784369426852
-0.32300912342811133
0.5328152891485107
-0.9082340526181738
-0.6005384644462142
-0.45483667318593124
0.03597229013633296
-0.33617317194736746
0.17555542173507546
-0.2918967196593517
-0.40229099342591923
-0.5497503222343891
-0.46960615197246003
0.2236528593474169
-0.13683687712386242
0.10810473815092514
0.24337224682506042
0.12209231013855804
0.7257134253775952
0.14840440315675932
0.40843761206166673
-1.0044740408506696
0.7817829292859164
-0.05142391082231135
0.5649212264820734
-0.648418195843733
0.734799907470238
-0.09331202851639464
0.8342069654872798
-0.34361250443823543
-0.3866787840418581
0.3571588386322838
-0.13245792733253922
-0.38234525330509206
-0.4145193452775081
-0.1818614645312754
0.46491392115525604
-0.7110045623833761
0.1376590052224489
-0.40829291284658964
0.5398838218849598
-0.3754725735864879
0.69158275720733
-0.5429782118948283
0.7711702211143618
-0.4157441379346522
0.4077176393134665
-0.04530896678215807
-0.023795210568976932
0.13610459599190716
0.6041431775616255
-0.11891927321831805
-0.24431119182519637
-0.49811120945058707
0.43509998424499113
-0.21079740138543085
-0.48153496284136754
-0.37702802850524253
0.9526326325171797
0.47867268784662603
0.6378600280352029
0.6265324422971349
0.2190519592343804
-0.06825247247188576
-0.44222452723533817
0.6177659835045028
0.392821392188496
-1.266308054195004
-0.5956724969019461
0.3592892810439426
0.8677498654686984
