-0.8200963188532188
0.3440844808583051
0.1167088685020952
0.03878327132552832
-0.35329652944139767
-0.13976812558889226
-0.6556407908326509
0.47863225019635147
0.393241070259741
0.08062924386831213
-0.41718937845377907
0.44756038182297675
-0.39449634916760007
1.0110043214407942
-0.08955696604636014
-0.07115264636111931
-0.47470131347818184
-0.46440216512564836
0.15240518905367262
0.5504421801774045
-1.0003136893432467
0.4515370219550402
-0.5730135404410174
0.02524869532021376
0.17073448213614817
-0.11064505644648899
-0.15240022821032378
0.180324789544273
-0.7217337516927824
1.209787178368064
0.007910359055667511
-0.20725242673489183
0.2982280782128667
0.27042024837072287
-0.004222318916653693
-0.07029112810130039
-0.4532039882876844
0.8404530317209993
-0.588742252442932
-0.16315932420543572
0.06315458359374417
0.3325940725176795
-0.09457996254912382
0.6942348139707766
-0.42597244702562964
1.195547916764995
-0.24722064714049832
-0.2519158563938216
-0.3180485493502295
-0.1741041251654654
0.046453050341632884
0.1435105148616161
-0.12507313351497068
-0.09117361020744873
-0.27093787348066256
0.24877959585029902
-0.5367533927269812
-0.4602763535323936
-0.26520248530829305
-0.14841364268823376
-0.18846072298095157
-0.12068540097111624
0.11988645378151881
-0.12046806124387185
0.09621805593332787
-0.04946059529706362
0.30160176166775976
0.35915369114175455
-0.04052582166986396
-0.685367685053333
-0.08373385726568505
0.4622155434632958
