-0.6093515536789638
-0.08068810929278995
0.09048332737477814
0.3528342841847706
-0.8195189101018948
-0.5054157483972692
-0.12931888682772447
0.38451236469470945
0.02300181910946089
0.9233133254539796
-0.21810777678436172
-0.18733277464215833
0.004453493712350834
0.9326398642190548
0.2668470560161281
0.2488349277006542
-0.7963784497056778
0.052530240066387734
-0.9205806358639931
0.29379941276519317
-0.42476052102899076
0.05402529460947379
-0.19390602152795894
0.3198160240329995
0.2692735724737467
0.6596021020063964
0.04798917753160642
0.1596999578032195
0.07401035289181135
0.3451042556256721
-0.5712481532643013
0.1359518683186401
-0.5449183176352782
0.7585757688019228
-0.35067450545513373
0.009316681672759841
-0.01140077029008428
1.2364928497796661
-0.2688177577880422
-0.18528687336076144
-0.5896521618159409
0.08910570180507262
-0.24087707931334362
-1.1143890054123071
-0.05982703523115171
0.4780876456820844
0.11338537412502812
-0.39210520505294977
-0.12100832156976976
0.615033229595385
-0.08719723630021524
0.412227783046235
-0.1304539333384367
-0.03866956665949822
-0.258508938609064
0.32967025726489646
-0.8324545226750566
-0.1090592915871052
-0.06829900537889827
0.6023882143722589
0.8936958067603614
-0.21076608636422256
-0.5060710561218739
-0.056784761196848804
-0.09837287957885647
-0.29657017769692073
-0.19921947761800635
-0.2447058412755324
-0.45357978323284165
-0.3244556594320729
0.733718953003158
0.309278497792655
