-0.14354779378856833
0.16286278253170247
-0.3239538852529156
0.22533399970177997
-0.4718643362399365
0.39627136343902386
-0.11597107977475904
0.1502740610043048
-0.5439612684015038
0.8788860159152674
0.17167456186449664
0.32495422672803365
0.3112010414126028
0.1567339583688095
0.17684028991352513
0.1141581529384249
-0.23967396349100833
0.9692863372895375
-0.3092925056205522
0.38095623179962246
-0.4656436128749704
-0.09309245373514555
-0.5584769317310367
0.3566853948109949
-0.6570626506373737
0.3371587340582521
0.0967050803983441
0.30388939680118654
0.5212075848464072
0.056652388727851305
-0.36655583005090064
-0.018100078967243256
-0.013061141348639602
0.08744042183788175
0.4216120744176217
0.5972078545519639
-0.25873518562120124
0.08940222339705263
-0.8527477482446291
-0.3459315973572121
-0.46806398871226906
0.5587821299978424
-0.5237905053668318
0.2551240394269964
0.37874989201489795
0.4261794656648673
0.2046678424542735
0.315384286007032
-0.15701798787829363
-0.4480415833432258
-0.042414733802175225
-0.015741234155476652
-0.31214869919004423
0.09695044965559119
-0.8107755304372223
0.3472013804698744
-0.6365141229033585
0.7867861089318686
-0.07006952483355358
1.1087318537893707
-0.4479551866353117
0.599461291893709
-0.6176066365507833
-0.05555621551557263
-0.30650304049125676
-0.7063342098782823
0.5508839858392289
0.8392741588438217
-0.37276387656065535
0.0510188068166498
0.517067739513401
0.7378487064973114
