-0.33601100274502693
0.05306733281579796
0.17985183282028488
0.2600793213761445
-0.6562397612836907
0.4959406938533433
-0.5640456607847252
-0.41845348011552563
0.17723976350082074
-0.11136695732891821
-1.0503788209282616
0.14431120981205478
-0.6228326147079755
-0.13025172991414807
-1.051443213984359
-0.03935593569165691
-0.7664125958262397
-0.07985803288556409
-0.41407917987520304
0.22566752917883767
0.3712885709761269
-0.33764233839344826
-0.6085821659497737
0.642323363357773
-0.3655451921745092
0.0861143440827048
-0.03209626922844829
0.04865375169531354
-0.7420669404677448
0.7417292271835807
-0.03722251397696317
0.11441721788497897
-0.1584464328552231
0.09891109368363138
-0.08842030039435006
0.11164550481534641
0.255479523251884
0.2753657744885958
-0.29415808551608785
0.41188696444898454
-0.7362960980151969
0.4580693026607199
-0.7242147108790841
0.4832789913920951
-0.417048690458476
0.7722534506760586
0.42129195408992476
-0.25928727593876943
0.07366374958040685
-0.23013272316358493
0.26831247938787117
0.2833713395519455
0.1695200221229016
-0.4087181821237643
0.22680233892459584
0.4313119233364608
-0.40455536726906705
-0.1542414175275728
-0.6927979659730549
0.6667613633559704
0.24180696179830496
-0.3781102653388075
0.3493326041755471
0.27447454283878236
-0.8555905776853634
0.023746079524008562
0.40505769447615625
0.35844551050237583
-0.6830679875657215
-0.8985437924152897
1.0124245502811577
0.40044402250280187
