0.7342959313902966
-0.13718001540384764
-0.31523826277675343
-0.39062483939194614
-0.6933156115091954
0.5701089344318202
0.07995770396154019
0.10713770261264416
-0.9209403039557538
0.376512412967196
-0.2763194586025337
-0.06494301981114117
-0.14750867139785578
0.0759089441402474
0.3746740677516751
-0.2818440049139217
-0.2829183192478315
0.2635549766140778
-0.38825371351135846
0.05219778398809216
-0.20641326461584325
-0.3523285373350984
-0.3025785415636705
-0.08414383820719135
-0.34094777096636447
0.6652551606756039
-0.4941369862803594
0.47494473794611014
-0.13118375103130114
0.9002907954662565
0.13206063529617756
0.4385315307928326
-0.6923699938475861
0.18673613862950533
-0.1792146610824865
0.9719280795691632
0.16431463967802132
-0.38487162822847765
-0.35597931974686026
0.43293401863809955
0.27273225317926975
-0.10529501515905548
-1.2052270822008795
0.324921170145738
-0.30040057682053906
0.38834343170130065
-0.8154052635797512
-0.0917129075198087
0.40032553364880297
0.6748949425830941
0.2886144929141555
0.4717568864523214
-0.24847379233254796
-0.46861334917575614
-0.4959979154789921
0.2584996429156872
-1.317777993437989
-0.6238421503309936
-0.5641962324686655
0.04434233817641084
0.2744497585943273
-0.5431265083833954
-0.21630701495908403
-0.9117856515075021
-0.04552574873496361
-0.33076412954915313
-0.3080791649396854
-0.45962787777513864
-0.5480982711203836
-0.6050465721518623
0.7506136040942942
1.011930413827197
