-0.31269725281781474
0.9088882748802416
0.17141664103509605
0.9284497497087395
-0.27763172851861984
0.9581928630074125
-0.07327985212561729
-0.34996505417895724
-0.7132248553602216
0.5403972396872532
-0.06178161130774916
0.742844495952556
0.13301953802818833
0.9674485503569081
-0.1175643568192261
0.23327563946604601
-0.527014482826963
-0.8856994928035482
-0.8567951424746834
0.9445650919602452
-0.053608925605775
0.7193141056429706
-0.7583460479954853
0.12217516817897875
-0.3042010750229468
-0.29369862698637467
-0.3741152972006001
-0.19453429489181787
0.15493118422434707
0.8477363961322651
0.29397593907367026
-0.08158439034631762
-0.48417913625865394
-0.2091324033360283
-0.09182305053965593
-0.501676945308453
-0.4252143475220052
-0.36333965118664646
0.18808903594134566
0.8298307749910192
-0.6638138421821644
0.4075632983808449
-0.8032473182319158
0.6544300232627058
-0.37642281591855375
0.7916345318049505
-0.5764551598889192
0.04526144025405582
0.6071774102724292
0.6798655128063069
0.4526970825820261
0.52842038218948
-0.03803444294104724
-0.06329532501062904
-0.5967692115167499
0.3462290154202941
-0.12110890810043488
0.5307437931457526
-0.7887526272703975
0.3348421523867311
-0.3581155571769363
-0.23069711497977108
0.02961927753111937
-0.3635265650254912
-0.13119989473618848
0.20828863246055776
0.22045302125439503
0.35279986985238554
0.15348602970556027
-0.4553472147348649
-0.29432597139708605
-0.06639544341112727
