0.31666763636732054
0.272947355516958
-0.8277172444567586
0.1257256336065258
-0.184667704991783
-0.5450216730207027
-0.3305762664782007
0.12070308815680977
0.1251098034852237
-0.12209334418966897
0.3220666570129462
-0.4444663419917021
-0.44519392888235665
0.11323734023026705
-0.3783697073200059
-0.13167770621966687
-0.7666070523613575
-0.08589422223694315
-0.5603156976149202
0.2548156871791248
-0.7064336470488288
0.5562470193081814
-0.5287035111308488
-0.07336454111921295
-0.57416385608506
0.21855716549406096
-0.06314988098244981
-0.29334578134325084
-0.3327585685274143
0.2665980569879123
-0.5323687138376908
0.2396327439547225
0.3685292672229056
-0.1385214429241038
-0.115676498482475
-0.1004388525363557
-0.3636023834722287
0.049971531875604186
-0.5696811632201024
0.7163222082817066
-0.6188848556385328
0.9064416742540704
0.1033267618905642
0.49624134018723987
-0.2511133444077355
0.007590591555250589
0.2156159878808212
-0.14682164855374302
-0.12644492977839344
-0.13142976880577967
-0.35916160899837035
0.09111769095411841
-0.24853941572086646
-0.3008415313206015
-0.258955566854583
0.8534234473221243
0.14898484892236566
0.25986281416445695
0.0027374222170048756
1.0841850154247212
0.15110948564667073
-0.5551043110371272
-1.2019393830766298
0.4860572952249406
0.05177703974248865
-0.04310532024666591
1.1523208592042617
-0.14961834255992867
-0.5539594717787524
-0.6674807015636179
-0.24083360433190848
0.08721282392476298
