-0.4623577876853161
0.2398851550836953
0.5986278278475498
0.6064638557305466
-0.33669237382584055
0.09606821024805055
-0.511962053436458
0.05188688885825955
0.29650420841312786
0.0796248041048207
0.19921945599685426
0.4977933946367612
0.764366235350532
0.4685203899549506
-0.32805518563872577
0.7705827239185039
-0.7320194643583728
0.650271089505921
-0.395522882405603
0.4279629443477581
-0.4509532417233402
-0.470624891301195
-0.5773668478392612
0.4455772413478932
0.1997114909770891
0.530842964251398
0.7232811541902561
0.3851737100190816
-0.14842644842244934
0.7960185392691417
-0.5553514013230004
-0.5896296931501571
-0.6464357005714673
-0.010246006971977873
-0.4069313307263229
-0.18052975660482867
-0.5992779536744601
-0.1876435140481983
0.6155577129094116
0.9842877559899803
-0.4656249432523032
0.3236339689469761
-0.8734116404090433
0.0729480370593768
-0.2913857384782922
0.7492063500725195
-0.39213765241331827
-0.4409063040360086
0.10233892912475248
-0.7598075801308762
0.1465948132894317
1.0688211442380684
0.09258843834110797
0.2081738362872667
-0.3450724420139799
-0.29497917079421226
0.5110187907180536
0.4002886168349969
-0.28957736043669535
0.6580471141015404
-0.25898962960621424
-0.5184264864380812
-0.3341594080882507
-0.16869109812976618
-0.22126561300848924
-0.8250359804775003
0.34188834341828
0.39998282609302865
-0.575229745835955
-0.11998677033521382
0.8141212516925109
0.5451705668660674
