0.22685985094261957
-0.622635415188957
-0.031331080542725376
0.03357765671180618
-0.3550409946993951
0.34032120787575915
-1.032740331578524
0.15583315246266194
0.2360236457329656
-0.21257876040378879
-0.28972156717332576
-0.09395976882875379
-0.3855574311901296
0.7934879487550457
-0.7616180967996282
-0.28064987299388144
-0.2698950860109528
0.10706354913617187
-0.1979457177674408
-0.5298402087633011
-0.38817577155415733
0.768533245470577
0.0012923799371575354
-0.19912159270253854
0.07158318073893577
0.4415865066691107
-0.14229450143504055
0.9443602287344481
-0.009234332097673742
0.9064476253527738
-0.48654289420942987
-0.041072610331344905
0.16553491755227812
-0.11331689065652688
-0.039255386246820095
0.7813052808088985
-0.9795568361039615
0.5359672345583292
-0.3473299717309558
0.46112258806309564
-0.12305926785222056
0.3733417054076025
-0.6474755699007638
-0.7067552585536628
-0.7649959758740992
1.2615281023061315
-0.31607830572596607
-0.11623804291053873
-0.44655006526117624
-0.8040593601626547
-0.3053821999545239
0.18566835725625297
0.012019078873152456
0.3692342201030201
0.04850332845089178
0.6598123751864324
-0.7463775497938999
-0.5522334263418524
-0.779528460772186
0.3089154641182628
-1.0596056510093574
0.4337697014626728
0.27262494635615075
0.15888867558262168
-0.7230183739005862
-0.14205933150783454
0.413401244958111
0.19303024055710985
-0.49512553190864755
-0.5113769631743378
0.08874950235052817
0.6422122160323426
