-0.309014542534241
0.2990024790001184
-0.041778815891131436
0.0021668098340496787
-0.2149486954427235
0.6370673717589749
-0.47926303577359924
-0.35231601688572384
-0.9387352901099942
0.17676326234873957
-0.17911475313738112
-0.43328168889757884
0.5586148550101244
0.8975794278592064
0.2521399982646738
-0.037866126267688024
-0.42280058398029835
0.12152943803018838
-0.1734976750421317
0.06943573492076296
-0.6268724291860557
-1.0029409316451843
-1.5060234849979321
0.23539810987691823
-0.06436449977096811
-0.14332527249833052
-0.9021778078291561
0.6382819613394328
-0.24521924489924474
0.4094488359010385
-0.22697873090103243
-0.3435737753384864
-0.18041694658693502
-0.020164619601016176
-0.1211300738902221
-0.4535029185341462
0.07070133613825191
0.16135496190949053
-0.16128937059848222
0.2612884668395483
-0.1669247282096311
0.04344323776339703
-0.23275175775255236
-0.3946466003268068
0.23241661656463808
1.502040313905662
0.26934611104456596
0.15778075976251704
-0.2829124376147867
-0.41708426078676475
-0.5738253863195628
-0.2324338576008798
-0.8896139247125773
-0.8495790251087045
-0.3902184572121718
-0.36203442956889076
0.16465638043905678
0.43724314403467684
-1.4766682769641308
0.9912366804685591
0.118614619166657
0.2918956195568681
-1.0721071685957662
-0.19839456875320424
-0.07961779091471974
-1.0226586533554642
-0.1980533844906237
0.9700735580659103
-1.2454928976644954
-1.4819104151738078
-0.1571963340869526
0.8993509352496306
