0.09208289053715922
0.2216485261024911
0.04820720539166577
-0.5193271029609949
-0.30594838808910063
-0.19898145091411662
0.3316218665127774
0.23417852521100543
-0.2645889980992444
-0.18991237158869242
-0.877448148122449
0.1362887567652688
-0.29296993615252614
-0.4272125321607149
0.05435127609529267
-0.07737171220373756
-0.5770286829869022
0.2335233705932499
-0.39453812666409593
0.5357625736749687
-0.28065542962711704
0.6910549072568158
-0.25995992581638094
0.1439130530789127
-0.49944166795455724
0.17923208043048383
-0.996212834149635
-0.2799297606722115
-0.39023532534152416
0.28049479097618324
0.011417639981772039
-0.03235864928946325
-0.3819406204104998
-0.6669715504634754
-0.16566697582391987
0.2281103064023565
-0.9459506710631338
0.3500983834582606
-0.6946712369205859
0.1730670316574702
0.16675369681525956
1.021583302516528
-0.8478457800495174
0.695612759674563
-0.4799463052072302
0.8805553436740169
-0.541442425284252
-0.036198220016328164
-0.2582441174727804
0.2967014583745969
0.20933859838574792
0.24958752306376786
0.0784553379971784
-0.028857549186129955
-0.1736912160658804
0.07819357784610548
-0.09985316611241174
-0.04608900170593125
-1.1728814341195255
0.7209818790832027
-0.2903876216585114
-0.019855688218517742
0.39673861397146876
-0.9590638376547718
-0.9872975672589862
-0.5716482746695599
0.660308278722513
0.05303542947140957
-0.5116875071704903
-0.17658212046229332
0.3753152305367378
0.15991822919436965
