-0.08101589959420236
0.055834899485505796
-0.03668974934664865
-0.4052917267714596
0.025143291763831014
1.5019637798481553
-0.28651789716724596
0.43959947541773176
-0.33096206007591106
-0.08347198030682929
-0.6731354753678211
0.23162769826095447
0.5692022872302425
0.2697233443192676
-0.6631555402527778
0.07133817428423257
0.0412888147283674
0.23288343543756135
-0.7312408117847797
0.5265614880816816
-0.7328214860226386
-0.009894614244563449
-0.28022103514941654
0.7564617960006057
-0.05974180161852742
0.3123064798347952
-0.0875377328858751
0.6408888683285078
-0.14778818842353747
0.8266699634954054
-0.5433739043595169
-0.19972876930490113
0.18825960533973649
0.07191628093981837
-0.6387927037234343
-0.0021446437961585123
-0.20837991926944066
0.15249434439651793
0.4524259585641157
-0.2619344836778121
-0.2998412898174818
0.2909486993789588
-0.25085640470617043
-0.21716451507136328
-1.1186620808326988
0.6491203138679794
-0.43773618715552054
-0.16768171601820023
-0.04517931794286843
-0.07769976314881344
-0.25666901997333325
0.6468103287977901
0.4669493608959863
0.07194640350979675
-0.37998758500688246
0.4263726983741956
-0.4875787523084624
-0.2821356718284721
0.4615766126485096
0.8167431697437041
0.6632763386667428
0.5435481284029284
0.8714106752935935
-0.196320461837256
0.0869521275579983
-0.12594881384072876
-0.041582900547718224
0.2265424126380368
-0.29623608592522843
0.06583651874874943
0.730796057018338
0.8060635629909771
