-0.47622241509299396
0.8446904447631118
0.20871089040205382
0.5040625816349454
-0.6655521233959333
-0.13307205718768075
0.04880140009351478
0.4989012841436735
-0.12014475626408723
0.5816145465865632
-0.40609224252824916
-0.5258612074524066
-0.05339827363246315
0.2233317544078963
-0.3336653207262378
0.207890701209231
0.3058454429806966
-0.28005757406042053
0.12512180769655898
0.8306200016935461
-1.2465318643944963
0.7935685395972889
-0.4260758126881486
0.7136055679247959
-0.5385192823386187
0.1358656391510755
0.14896881053391678
-0.013822716502084512
-0.7570922262069212
0.0934036569486677
-0.3739331959698373
-0.30373715604881657
1.060672375210614
-0.37365415804206736
0.14418878950317943
0.2571590434228757
0.28243232507095706
-0.6576864101799245
-0.2659527149638531
0.44752010795391634
-0.07348746955865046
0.28909504047437307
-0.8701904080467507
0.32628854032740523
-1.009186333379823
1.3284263024418284
0.02108935231128492
0.6141733548654293
0.5949752752221633
0.45567000593935836
0.11750450365718945
0.2801496246722866
0.6069615744321085
-0.256429630284284
-0.15207825874769723
0.5031179756749027
0.7650204234441784
-0.34070778947981917
-0.32764202984310997
1.1036753810805324
-0.008222573356612639
-0.18703073314082438
0.14537476326321008
-0.1747035423966335
0.26878448063737537
-0.012785280641605033
0.4829413280645303
0.12466727266833749
-0.20751348744765594
-0.9491600104247851
0.47799355734613735
-0.13372600629359765
