-0.12245505753645594
0.03615348028965654
-0.19474762040588564
-0.20237380444436331
-0.5674060054995516
0.13153569635717394
0.18219204819527018
-0.24702474406246105
-0.09165292586013227
0.8209829889229582
-0.2879711087450553
0.35377945605829114
-0.21780252681352247
0.12101361177321322
0.03899254073188049
-1.2340088045825082
-0.4028077689856052
0.2485663452619281
-0.23359231773897304
-0.2813567992865173
-0.3634736574697681
0.2571270856985295
-0.5467602631639882
-0.02949321102865335
-0.05586649571299923
0.0630735662809605
-0.02362456170575883
0.14472795203335395
-0.8304600704995067
-0.1083319337620108
-0.378002804634041
0.3467806228939512
0.1835835698267166
0.02091120481347397
-0.07849763814894539
0.007593225135067216
0.23524307554016288
-0.23557634720805884
0.06541609840455231
0.48364778299322103
0.20934002098461915
0.20748576357267906
-0.6735691972509373
-0.12391131393612266
0.6413385081907585
0.3088384120240044
0.20284295041414718
0.25263368179286605
-0.03524639663597401
-0.20200251358812013
-0.012655043682408898
0.6379734482804629
-0.3567215794730243
-0.006519887395129473
-0.0291904158828588
0.11023285664209315
-0.25359810457441184
0.4167778715030944
-0.14936010538382105
0.20946958047651937
-0.23302178477370006
-0.15276715348460265
-0.3328123476144008
-0.011815493150714326
-0.19885456800012674
0.1360795735878014
0.2550897237605754
0.08329988667569677
-0.3184782248162838
-0.514393453041804
0.8481685482415617
0.6265606522572632
