0.4237838228841804
-0.2046445375818555
-0.008498294700245032
0.1652516481349649
0.21908094950673687
0.5142617037312064
0.07914357006248326
1.2133024972088677
-0.33091832724994613
0.6023541836595712
-0.547494900727625
0.3697011051637894
0.25225326377289586
0.5627925360102508
-0.9418048776702552
-0.04246246302494712
-0.5008431465144378
-0.22721609625497868
-0.9489972778854766
-0.16006090449223467
0.4532288205275611
0.07710207739816935
-0.5724203132653005
0.5014077573846483
0.015928508855363732
1.1202618392649382
-0.14459427318553972
-0.4538185602341973
-0.279553379356563
0.06314285681443912
-0.23782471338128625
0.43038788516204235
-0.7890586652099565
-0.12010989539691569
-0.1776416849488479
-0.12570688186397488
-0.5178123543640475
-0.15227126154725068
-0.42228963469406
-0.561179945701157
0.1962737077760423
0.17635531542740526
-0.35830988453472673
0.023046694825147818
-0.8409636496892563
0.23683001502792927
-0.10331771784542713
-0.11293685301202341
0.26050659327433673
0.21285270199515216
0.15451346313184644
0.18311253636538205
-0.2701708752048423
-0.17967246556227418
-0.5298731643060756
0.8389123333643287
-0.145710214793975
-0.04616289844125654
-0.5026202914454265
0.5508843124292815
0.28860793169452137
-0.2747633806904065
-0.08078665549773628
-0.7998510721624752
-0.5862833363221862
-0.2966976014791075
0.4503821859714515
0.34239260744896727
0.053047212397059146
-0.44695638315364955
0.9400527505442513
0.5806916875293953
