-0.41872776683956014
0.45915973640211727
-0.7578629204892471
-0.5452291980570115
0.09116058855564893
0.043237836836547694
0.05447725394419495
0.29603098280573753
-0.8217176100843966
0.1513070499940993
-0.6927219344266352
-0.7729965310114391
-0.23865472083741518
1.1726598305425309
0.2287184248229476
0.8611986223312962
0.2711113330709442
1.0959190084644912
-0.5297095924044142
0.30742581950411335
0.019011056383437197
0.5130459310899486
0.3172699813089707
0.1643859534943069
-0.2046836168512644
0.884860997971466
-0.5934403603024159
0.2710731257080289
-0.008654739525710997
0.6158270367190745
-0.008196867214489645
0.3602279345325117
-0.7911558102132665
0.5652386565472713
-0.03817685071634966
-0.32376992942492866
0.26588607569908224
0.6287971632360335
-0.7415871057477599
0.6120792504085035
-0.9474546761093092
-0.40303453136589373
-0.7581143299884195
0.3477524226746656
-0.3454379418137873
0.5266626622621708
-0.5114331077984611
0.20465843395710953
-0.2793552907678935
-0.13116979895571682
-0.23485369030809322
0.709057984716966
0.38301757277723025
-0.2525593806057217
-0.7084121208621423
0.9017058610044317
-0.5023423070963415
-0.27898193510809266
-0.14997261834316403
0.6388058696119264
-0.1306739275800603
0.37067563643572776
-0.05547421837444415
1.0361095937398777
0.3967011056597358
-0.2517228336575579
0.5260407091832582
0.9438374498072613
-0.9999503145291944
-0.20272210209400965
0.7575535859375948
0.2748668033985406
