-0.3270603148108726
0.347330892482859
-0.2094355244491361
0.23788512823469402
-0.16653580167779702
0.2477878037977831
-0.27208467094373534
0.1275591052952576
-0.26811634788320093
0.4088150427629125
0.13561817934497827
-0.3210620635401079
-0.28695701295610754
0.5480422429108884
0.049231271699127784
-0.4718866360755295
0.07114174543072815
0.16943888520445824
-0.16753673662906987
-0.022351734303497517
0.048466657462987894
0.6250216534815226
-0.19615202523367123
0.2620376044914251
-0.023245567597277694
0.5972583721655061
-0.6195946861558932
0.09034961635159305
0.27991244863037856
0.587721039032585
-0.3639794159615886
0.601010892036545
0.01906024323124167
-0.4229371042934157
-0.17519128978647008
-0.05008182132943678
-0.0754835704391641
0.7773299635839754
0.09728367311100564
1.004946198357193
-0.0508118489965097
0.06267614419161804
0.044047638127899594
-0.14031328530061027
-0.060608484456814216
0.9532314109713417
-0.09295817031071424
0.07608314212993991
-0.08613505164488905
0.20527552475962527
-0.04326302416863545
-0.042345405241818325
0.3922905572986478
-0.5446393332454761
0.0737416118670288
-0.05261118736641698
0.08672811647157182
0.2042800956991192
0.24482215892951958
1.0897861359636214
-0.19472380087033825
-0.3208846751450255
0.07551886787368191
0.1870048314012758
-0.18600748244301607
0.37968900744829753
0.015389995334145853
-0.12680562408541168
0.6710530688211406
0.16133915133741544
0.008455004714237657
-0.18641842991833768
