0.2312778635484482
0.8886280283038601
-0.4472998686020271
-0.25653510022782894
-0.31538159768482377
-0.13089171893119395
0.02667042031685611
0.6935764979934935
-0.18784168695924386
0.15310642788246634
0.1156557941483667
-0.13391823427744257
0.22144638926957894
0.4883676660436439
0.32285907271970415
0.3343091794506856
-0.6216355396296922
-0.2636139497793952
0.17027723507542822
0.2677839163411925
0.11444154956846267
0.07066049810628938
-0.23311087158142368
0.40116180169805793
-0.7529416478121671
0.18515385810989624
0.13277960688832827
-0.19762513714077123
-0.2814253760202211
0.6231728739522591
-0.43009926153329936
0.505292670845062
0.09859321104830575
0.19011855840852276
-0.08728785261030589
-0.25129835159378977
0.31777657054612196
0.23421732966436098
-0.2842706582572874
0.28599589742998544
-0.030668315149650294
0.16787120088064594
0.18438537678957606
-0.2914580655980702
-0.713210188322728
0.5116078554208252
-0.48372913691353614
0.005352094954641548
-0.3423333764190211
-0.12046711181060632
-0.24321301854503813
0.5842798004444811
-0.3366612867934091
0.043229087631115715
-0.43575816130054656
0.48913292893397065
-0.2857089535779871
-0.23409717804333033
-0.5793703530927928
0.2624209208153978
0.649473872619193
0.4268897749312556
0.3770747739106725
0.38535784698398146
-0.031017888854315917
0.1842026358118239
-0.42474087804622945
-0.04094418649200087
-0.5547727996054865
-0.23257317492363136
0.9615166731057596
-0.6163230185755797
