-0.20921339506134812
0.5727706134149285
-0.0020647889715919646
-0.5634127047187608
0.11065635312726209
0.217648972272173
0.7725570128659968
-0.41830469484081256
0.08150863409306537
-0.055267504517086716
-0.5281370611952881
-0.541954507837173
-0.2974099777309049
0.8776147704659772
-0.08680254174439057
-0.7124485438381993
-0.9811379193032768
-0.2319445364062757
-0.029537320538332162
1.2126687957942255
-0.5273693068851498
0.09377851037276644
-0.5122532615659174
0.4328371666771874
0.01761352363108465
-0.21388137818548233
-0.1791156971789991
0.4719497248208192
-0.09622919913087087
0.9487887736306052
-0.75662530966888
-0.16823166134177636
0.2677809627519773
0.22287765763282535
-0.8411310030819598
0.6207978949045954
-0.55505931094409
-0.25362429002140774
-0.5381624380655113
0.37413448280950357
-0.12895433840462414
0.5617613585839913
-1.0066825415414735
0.8427697144110881
0.13115715758947977
0.684988360278153
-0.06114543802720489
0.49256244786716796
1.3159452837581904
-0.34770877519069887
0.7876208051728932
-0.1827434988775576
-0.6870681625543383
-0.25531048113797505
-0.5723403707367435
-0.08355004868357102
0.0006034355072055964
0.18623585079089772
-0.6259019051756884
1.3558709208656847
0.22225396756883384
-0.18655151368707623
0.3021367946414757
0.8636123812890466
-0.26366539159859764
0.2056636553660552
-1.5908779678309233
-0.1626915285898416
-0.18074283937221636
-0.21716859240216602
-0.07596118787389959
-0.20582061278569827
