-0.04744356580338979
0.19116745795558296
-0.1827683506481415
0.508613762814182
0.4870667041363368
0.3359099982561685
0.12443301374587729
0.5996731270609993
0.814531012472394
0.2743137508398954
-0.43853078257556644
-0.22090712302193138
-0.18569402506976468
0.15406709919347902
-0.41295714738439826
0.16437156048076496
-1.0232748951267348
-0.34473785828732384
0.07668819985784944
0.22235029205229628
0.177718261591037
-0.0978788087272607
-0.5261596020209096
0.5326537405687913
-0.8731605165763311
1.0750431669771616
0.0068170219263382625
-0.1091300920633701
-0.7959791911427768
0.7545961921640039
-0.26890424970330506
-0.958915856114049
0.015965572013869195
0.13761263024138037
-0.012555722852730877
-0.7121989823224399
0.04392830837581704
0.7051433966381373
-0.15039539741155789
0.7927057664896049
0.057347064959082594
0.6482615694631043
-0.04797584835299925
0.9262976549338278
-0.4594469776071401
1.276280376126202
-0.5425082837593456
-0.41382248660253973
-0.30032601931592273
0.15465334843338063
-0.2193694445118474
0.389071889811009
-0.19002848773259295
0.11342628047671696
0.3640326222332818
0.45358096489697886
-0.13033514966461263
-0.12215668802040042
-0.18394863227561112
1.0854552530749628
0.11223430319963511
-0.51303907261985
0.5113277476520975
-0.9899260129101436
-0.1395686720918538
-0.5944552762933917
-0.08318331607965651
0.5003335733754336
-0.8895563216420087
-0.20707133063909774
0.43869809855450215
1.8322309956394456
