-0.6230067418099058
0.5809463324237646
0.2199824356290661
0.2893273091525989
-0.7123585908231869
-0.01873207431544112
0.11121133242271523
-0.11180533502426479
0.15412577726791643
-0.5179555331652745
0.16176470438943064
-0.033241307833566464
-0.9151245420363867
0.3280449090953813
0.0026042357128034984
0.6293741253744555
-0.776881452215804
-0.23088013068527266
-0.0011547564636728014
0.25433078527148745
0.30775803882969294
0.5645394819593208
-0.49644890678689807
0.22973231939759134
0.3279106420511641
0.25298368668343213
-0.2920208272030095
0.09366198457056168
-0.6565192856427305
1.4465909557458905
-0.3729119371342726
-0.6072352952828339
-0.19390542299329272
-0.08812778561107407
-0.12945880664757595
-0.533999815805818
-0.13029114753231263
0.16150575527299954
-0.5758622091523655
0.546311942421789
-0.1026798469943001
-0.24793745816987312
0.03851933223933866
-0.45136070808619677
-0.6024138559686415
1.1216648457552358
-0.6752771781374619
0.024897266599445966
-0.26094146789923306
1.1083184057919624
-0.08338439593815372
0.43530663118176427
0.0656132407210609
-0.19392393963371762
-0.5216676104943727
0.9734793099819559
-0.43384522445346513
-0.13359017719277194
-0.22309208448022422
0.5805410590149196
0.6553848279299832
0.2517912932635137
-1.2241289620111624
-0.24447595983126863
0.16402134986205888
-0.7889207013427739
-0.8116330719014804
0.5477439640905635
-0.6401599012352781
-0.009382880474153837
0.7971866591540241
-0.6535385971533576
