0.35968217558322546
-0.1625272538827726
-0.23673734866350882
0.042782685623659944
0.3401870934918875
0.29102761489108264
-0.05066610958143018
0.3250224890469271
-0.4087661943919084
0.24469385160752077
0.014041972019945809
0.03297855517882925
-0.04027640373914548
0.3020286620094683
0.012423515411282067
-0.11595819920925687
0.2644887751429909
0.2931103935223478
0.5128502406603115
-0.01993111396448321
-0.6022177231556199
-0.6760562798006441
0.6005637219304064
-0.03632237157296664
-0.41657832160148495
1.1002223746074644
-0.3545202546771363
0.2075198471944804
0.09682888698033704
-0.12501376802293512
0.08960280338878512
-0.362881074940273
-0.037667023672829286
0.36576547920712665
-0.2534627680720227
0.48818722751462945
-0.8960188243171745
-0.43057712104830936
0.10203379063582882
0.10414788872176681
0.311982643790238
0.8655833347051034
0.44007939693926285
0.4206879899998226
0.5292764373358936
0.15628230006055113
0.16456730847517526
-0.6124511714344554
0.0075622410164314785
-0.8142086988685157
-0.4051044837581371
0.9413918535474999
0.19870914844820883
-0.5668334901285431
0.10923208101218757
-0.417481572236601
-0.33830626544685194
-0.3749341364789798
-0.7668005494226109
1.1389592104142683
-0.1754002482148277
-0.6312994893162591
-0.4851370447545309
0.03836897062066702
-0.4363525689940093
-0.2988008839690789
0.6093374432560361
-0.5230874410296984
0.07328340897120376
-0.34012467145899355
1.127963976266205
-0.21907240233400685
