-0.4380333718606137
0.3989934669166362
-0.3747435207318951
0.08923290790744456
0.1476305811747989
0.5578971108165236
0.01410006957195422
0.6922551689448263
0.14728681929508078
-0.3551959516738812
-0.9824059758537732
0.6120013176410517
0.13560604222063605
0.689440988317608
0.5522124752226988
-0.5988748320831743
-0.2359786580157362
0.005162672514951866
-0.30285447478259675
0.6748579091159526
0.2564155025659144
0.3601317230255708
-0.2592107067611473
0.46010215679078864
-0.7996570297727963
-0.255569638229748
-0.6443978230402093
-0.28534883356646606
0.22365677635875994
1.2053491875732527
0.9238584346052536
0.06388316108771763
0.5373559069540502
0.43992299442675603
-1.0210759160985106
-0.009861184613354057
0.028064881058278257
-0.20087798297299017
0.16733698715702
0.4607603489710441
-0.36445301555743115
-0.3565980731876335
-0.9271378710683051
0.5138835453881658
-0.6268937755897152
0.632665565231899
-0.22618163209329495
0.47964454467320317
0.18020157183867536
-0.19784995576908954
0.4009207587532808
0.345137945994299
0.026615250441114957
0.4323698546637545
0.3267237916179888
0.5113766328601291
0.12560575110235328
-0.025837574897785535
-0.6418470587246353
0.18545737208030846
0.8269383228819281
0.1571822321605851
0.1220943289086681
0.4802081882733527
-0.8629274859172321
-0.6679954124744465
0.15170985466702913
0.4110114927273568
0.03185754763011944
-0.2344867095864188
0.36952712520594777
0.8426078840197418
