-0.003424216103811842
0.19727540433657664
-0.5413645951825317
0.04903399997429518
0.015495325641077673
-0.30211803438400936
-0.7651845478926149
0.2886997151049595
-0.751000312254988
0.2850024968026354
-0.003806043902508771
0.046196875305212895
0.22076598665710112
-0.0022728922165332205
0.1429291427796226
-0.12480670336863908
-0.45917582480834646
0.5107235726954193
-0.2831960459141882
0.07019751102128569
-0.13789557702261487
0.09277448941707744
-0.46295087309707134
0.7121757780101428
-0.7406255845802879
0.13252149118106593
-0.3678444121752669
0.711525223791152
-0.33549990982824907
0.5600880298895285
0.49858194935076605
-0.5281574143590797
0.08648009545233608
0.005660019372804775
0.0647929386916952
0.3017508257158536
-0.2944389729862501
0.06018925497059191
-0.04456884977738135
0.24434372165604265
-0.3757852172894267
1.2256224500080868
-0.056257294520058676
0.5140007602835525
-0.9920816344972241
0.025807519277968483
-0.5124740750118137
0.028337443146409874
-0.25937187900046876
0.4245026342107632
-0.702618291551331
0.4775236292676791
0.08342307878480981
-0.38758445545329745
0.5125383325812651
0.1323625399689266
-0.6844185119480659
-0.2688228204082719
-0.8443027147892088
1.1123492772703047
-0.02914824683154313
0.43221820102301534
-0.01386292389449284
-0.08282210331760287
-0.1896365127724196
-0.012731022170509698
0.3046828274849258
0.9323195107170583
-0.307735537137528
-0.06126380854413238
0.6783436987674945
0.7243866163380436
