0.22759345987947688
0.42574031401421486
-0.1484112291403668
-0.2348095909657621
-0.5382332564566189
0.0392638359721334
-0.3579666861333505
0.1457845083475692
-0.3099718880165968
0.21961225684212965
0.2716443820860188
-0.31505340837728585
0.3499947983960922
0.3981408397148563
0.2593348100317387
0.1692337225712232
-0.050465336226308076
0.34092731167403556
0.1665497302824387
0.04211774276693436
-0.380990925531587
0.7677670749039747
0.43740308972907244
0.5557131526611072
-0.17440088031459275
-0.3008799427986817
0.05365208603159546
-0.4862876022642507
-0.39668973206293734
0.30015967231475804
-0.25224172231118164
-0.10940365997723811
0.15631130727641626
0.23041599070580265
0.1583597920197877
0.5170141033501905
-0.2111635072239551
0.30263329696414265
-0.6237865386093331
0.17134260678936075
-0.6305615279684117
0.10438477462612
-0.6498305481923756
0.08965207660185193
0.21918187974576792
0.2496208811654693
-0.26331841192628747
-0.4248474963115952
0.21466974266959765
-0.10453583318829261
0.188254965796347
0.22790208042738686
-0.37716340955400696
-0.06736432709595369
0.24054107913111036
0.41158738108504633
-0.07508953112023431
-0.09623010054886363
-0.33129934853672893
0.47810539081869646
0.402302696324558
0.11069134019905377
0.10709264390307036
-0.08677879150497117
-0.3996892719530048
-0.10251620141172768
-0.0925913933565154
0.4604883055098444
-0.33370146896125463
0.18925343685226986
0.6188550536293664
0.5194222842258522
