-0.47974735557797077
-0.3701436307194609
0.36130886113619304
-0.280579879123684
0.2757976245821722
-0.023453252844354223
-0.43437116347207994
0.5675425044332225
-0.238040037834845
-0.10378125252859349
-0.15290534365226363
-0.32389548650905753
-0.1260632216543057
0.4779054284767006
-0.018636658127316463
-0.5154351419555072
-0.16314006822250088
0.48884521879986664
-0.23416452125584747
0.34351178712194164
-0.4429768732729226
-0.048083841436366015
-0.159961907616257
0.08164221664913232
-0.1281679078940413
0.7026875351955004
-0.7734768775058335
0.9226289592316735
0.028327298317073327
0.49344923242266314
-0.04082993516452092
0.10910203936398555
-0.47748828458605386
0.5690278485233701
-0.08567038502980744
-0.2924244042380846
-0.6322407202842163
0.30903644579416134
-0.21720804612964284
-0.13729206563231985
-0.290362842585847
0.3025917795368757
-0.9399515625820251
0.7729418222950977
-0.8657091102269032
-0.44432505571095815
-1.2784572859463612
-0.2407276739494415
-0.29075390749977165
0.3154031269276314
-0.1224398644669491
0.03874908192867136
-0.5561255874662367
-0.19860221316610446
0.3203794472420498
0.6163531534377169
-0.9785121232404493
-0.16258938340325343
-0.30525166025120093
1.3220491288221177
0.47761938407037063
0.1518968286151183
-0.6836037047847017
-0.20002770026322608
-0.862947128167535
-0.6616308160328618
0.29160912428193475
0.7113195264136563
-0.45297607312174987
-0.5019076462575849
0.7512913385466555
0.663079252741885
