-0.23225093220842713
-0.7821347401514863
-0.756147854134538
0.1532453947631688
0.6464785694458696
-0.4089670559403821
-0.24874903925145436
0.4340447341027397
0.06066725758907393
-0.19027051363909872
0.035869545368838573
-0.03816254662771776
-0.22110206281531164
0.4339437318443339
-0.18112276870630134
-0.30292779584592344
0.40611633046268003
-0.2654969985432519
-0.04449940241333028
0.44184488853149295
-0.3476495026712315
0.12519948709350176
-0.9124488572490863
0.9363771361603418
-0.6224519961318189
0.6035925666061001
-0.25616862550995595
0.7166343342792449
-0.5853115108967197
0.7000076950490679
-0.8972090908948713
-0.21315235000886504
-0.038645135988333135
-0.39587310919734964
-0.7069575141783424
-0.029914793078800628
-0.11267283335861729
0.34958192017958334
-0.10650826855418369
0.3285391275704047
-0.5717251509388436
-0.4788833487871734
-0.7337005833114975
0.08263365331852138
-0.5405254195229726
0.5790267058554466
-0.804010525968299
0.1064762072363038
-0.4152211535886143
0.3787424780373343
-0.6379750455490771
-0.04226002393954928
-0.07515538247468821
0.5668713309940502
0.04063563118207017
1.5652351937833022
0.1661739101373517
-0.33979222169599615
-0.908981317609362
0.8725893285362101
-0.32831391878872135
0.9109293943891643
-0.30596215291054124
0.4038823497421232
-0.28718560640754615
-0.19317141859477563
-0.6566269327804328
-0.018697636527396515
-0.49652059207813504
-0.28893191286520564
0.4269668293532162
0.30368913003935466
