-0.11762578524241438
0.7388266594705772
-0.07545997820408844
-0.008926457935024841
0.37762652134113295
-0.055384009396394034
-0.36771225946704394
0.04533394755551656
0.1022803398116631
-0.009403398386789608
-0.8184890852985415
0.00955362056326614
0.10876501044116763
0.6513033919122359
-0.6174847663351275
0.07185630729113222
-0.09814255099428454
0.021661722591238664
-0.07132862882440033
0.2230517239164328
-0.2098711733028751
0.7593631951334779
0.5810413219880475
0.40229681081075497
-0.021105411404796104
0.46430929773689494
-0.5734083430014205
0.02930884416619138
-0.07861506886872383
0.18304266808212954
0.060312445161865263
0.43727151675913095
-0.2804016133482753
0.050900900862983794
-0.06066540493017307
-0.024095966784249856
-0.6718644858736691
0.16298714502667455
-0.42182885942378373
0.7882384309805835
-0.3925769001282638
0.26541648360732484
-0.7233582776977979
-0.12215633759689526
-0.3177570792230592
0.7318827120951147
0.08807971224281297
0.3378011336182781
0.1427501605087095
-0.5891535240203141
-0.2844924715241838
0.7112242143871459
-0.1792883359908185
-0.7102602289104841
-0.13664717664160236
-0.6602689139109771
-0.02739433504940042
-0.24652059908979895
-0.07746078963899439
0.676448461784984
0.2678320858060958
-0.17018398975355176
-0.6490808263119732
0.02114505693783124
-0.3500524775971262
-0.7020929804493166
0.012821530936707737
0.2159754002960868
-1.1901771844271816
-0.26686261326127614
0.5912560933645429
0.6949686944894513
