-0.4951504095402198
0.7172749272290238
-0.2705885605562088
-0.17548387638069357
-0.19657914200565335
0.6741188181424188
0.11149017152028647
0.06445432473439344
-0.0796117481990045
-0.6022378692096215
-0.15077748906462335
0.05921592470429522
-0.4430480543200298
0.024653008906514663
-0.49606824686859197
-0.5499707547491601
0.21279021834009226
0.550111941038215
0.10569818053358424
-0.006446438112953867
0.08144227345545792
0.6977341599970281
0.2972378128974833
-0.03511910041872156
0.030503281975187285
0.162493323118501
-0.17870356216514366
0.3728333909223326
0.2081616678993471
0.7470393953646667
-0.3210389930724835
0.0213432521238128
-0.38167607688886573
0.12658958603335874
0.4814539635897993
0.3254502889615404
-0.43552863183770824
-0.04511402556009794
-0.07782044192918075
1.036200669520908
-0.21553413531663637
-0.11821830521587479
-0.2886562861549776
0.23784837252264085
0.6246572767633928
0.9156267033900164
0.6683145980829104
-0.011050769798521654
0.06114507130165916
0.021584780784907553
-0.39958556191095335
0.35665167047678215
-0.6279710360969541
0.19588137009641998
-0.19600290714782725
0.9962461517670383
-0.684790127397375
0.131800619443871
-0.9304437151414965
0.6464634012512263
0.1817124381267899
0.4044159833740066
-0.14908895389000926
0.3506130280651091
-0.034990576215397085
-0.04792503144670701
1.2674461205880063
-0.25378368230885806
-0.33004449041790185
-0.5399779884289551
0.5976828523901409
0.46408384399104197
