-0.3085299310923662
-0.33356563887286705
-0.45790758126717745
-0.24806606476363893
0.1701440435811763
0.5534514452431178
-0.5998935570377556
-0.015758409198023626
0.07379628257447726
0.15573326875793134
0.44311873815273733
0.10643944147776102
-0.5788092452518565
0.10915825769443643
-0.03051308271566494
-0.6337135368823288
-0.32270492700372594
0.00118663655782697
-0.2176903091731563
0.16852761221229998
-0.5579635653973612
0.7546175738229932
0.07224562558633435
0.992738709249552
0.009805110916032943
0.8744526745245995
-0.41716357672027793
-0.31558012424837883
-0.6723235041653726
0.27369028273226326
-0.5686750583623563
0.6287639554170255
0.8100519337062165
-0.4295380414334851
-0.568189081179942
-0.0510414134829092
-0.08946415861248302
0.028242798976055833
-0.42084781471426613
-0.8373136514085975
-0.12253191235012553
1.2464525400982251
0.15484338322800245
0.34201300060449474
-0.4166261161636273
0.4666280103606334
0.038363671943972555
0.026325961597084217
-0.9285740139664165
0.28704836503890196
-0.02506796415534629
0.1980046046331408
0.377184547588827
-0.29934029238186355
-0.6637565744381921
0.9336040662670233
0.07342144339846468
0.5875727285819665
-0.6839649671327928
0.5750430620498491
0.1318450656425355
0.9559113021830569
0.669001608428212
-0.7647480115343528
0.027210334298676003
0.1819508229624887
-0.30941354521857467
1.1110798155069108
-0.36807546898835725
0.0884231583628865
0.9500589890710476
-0.23680086871711664
