-1.0040719659564512
0.24511500259520672
0.14407355488436438
0.18244423114260022
-0.2057558822627636
-0.3574524467227376
-0.14257888222030318
0.19782914164303073
0.15363990762924917
0.3833353935960728
-0.7132515415176586
-0.39238838118546765
-0.16718544599029544
-0.01605570978524634
-0.05980507155920317
0.0878478127641238
-0.2779547089158119
-0.03188896935304114
-0.9615461782033734
1.3851064785047675
-1.0614897839167217
0.08966161641841944
-0.4562923773604875
0.8793995684011615
-0.34461268772497716
0.645104819181691
-0.49935810753364185
0.2847752409651766
-0.3446452297776755
0.6525678541466325
-0.8052453609757098
0.12384538238235035
-0.04021851671820928
0.5453323405845169
0.4600113076115575
0.2523488826178304
-0.017118188184976707
0.44924921704888704
-0.28193637248313175
0.12334364409453888
-0.42507506369821213
0.5246749876791016
-0.7195745780728471
-1.1375679126787712
-0.08111724098899403
0.4414919470416295
-0.2580908235972895
-0.16209340400919842
0.20266434416334092
-0.19247828200453043
-0.2938352668336126
0.010592135689320936
0.06690637518317553
-0.11531889258234615
-0.19913160765041374
0.11086467226244756
-0.025876080561613127
-0.014976925693819532
-0.6613559902774464
1.2083985151386922
0.347000677903462
-0.18625596072317624
-0.46672978650031116
1.3031264990523594
0.7619059872735967
0.11567689957455307
0.05034612152907869
-0.09441444226445961
-0.4365968170578378
-0.18981918086671498
-0.20997447517370604
-0.07851782303851967
