-0.504987304322688
0.0815605600075836
-0.4330085533713991
0.2513743795520741
0.6316460688531919
0.6485789342539865
-0.051980562599204735
0.414425820460591
0.3359108622926811
0.3290466632170532
-0.43904581962327405
-0.00041658743492686834
0.3769639749783903
-0.21582561181972232
-0.20013715844573296
0.6608087966442188
-0.27118682316746806
0.3491149639384875
0.3671035482586548
0.07806908357893771
-0.5193803637610728
0.09263271899541212
-0.5001794520767673
0.022798152497707416
-0.48391842898051335
0.17432857975429797
-0.3937881704648445
0.29400014228556964
-0.3163876892346275
-0.0005759938870149167
-0.19757715801022127
-0.3890433892502421
-0.5640851003981566
0.1749099377273891
-0.6817896033785285
-0.17178409973245026
-0.3374164686601544
-0.10102029682269656
0.01242555773109269
0.669754007581711
-0.11239729635488185
0.9646832792348823
-0.6000972132231793
0.5066256040407737
-0.32978621332528074
-0.18724367607788867
-0.180205304185465
0.31742039205988837
-0.2518150270859863
0.08760448001347818
-0.02437954807148371
0.12524559834031707
-0.36877677214704424
0.07477984981676256
-0.3880568562948896
0.3427008736258887
-0.660008008240003
-0.015074753773542518
-0.6944658960416372
0.9524808712926001
0.41906465825162537
-0.17517833951875458
-0.3163265983474878
0.059838713038241925
0.032307115174926654
0.1383482481827195
-0.3427572359133706
-1.130272365845179
0.25007913907005397
-0.2796390901468094
-0.11510518434284249
0.3604574679114887
