-0.0627417476135956
-0.3738456820612931
-0.12044897140647434
-0.3848282738688216
-0.4461869523540847
-0.29079297712862745
-0.32764476382430874
0.38436590899180145
0.14082373802931386
0.1894764835960386
-0.49769676517424655
0.14939576442020308
0.38350174888029487
0.6739874463069571
0.4441251009107361
0.04141545262788421
-0.6317706309868589
0.06828024901626106
0.3507551849066017
-0.040645133328728406
-0.4294110526256664
0.7724145477509099
-0.25101870171556684
0.030220656293031417
-0.7056159457462273
-0.2239357519886747
-1.037209947853433
-0.028943797798438642
-0.041289634934984644
0.8976822001918248
0.17686904109555457
-0.2857401936187903
0.22547021790324845
-0.3866352846525737
-0.7646936651444786
0.8585442302051063
-0.13428521749135708
0.08438682385572457
-0.000948282113817589
0.5079611768992599
0.4084536623800774
0.4147722200677363
-0.4767969688494489
0.49528148807308814
-0.927743249636666
0.7509343888315428
-0.0662023237435216
-0.4095380473632081
0.030538471460404643
-0.3598164463069257
0.07387101264186152
0.3940902979239734
-0.4196412817528397
-0.35121039021847766
-0.5650303975021038
-0.17449738345244808
-0.22095378617061678
0.4669911033621628
-0.3136240511768338
1.0678165997640778
-0.6047411974184835
-1.1773150737271538
0.013102683175101493
0.06616353104814135
0.05654143840115805
-0.4826948403551822
0.06408118368986249
0.7762628567187998
-0.36437536254592134
-0.9165069765798044
0.3923145180819813
0.2156357533539905
