-0.09920485824482084
0.42199760391451124
0.28219244846148056
0.5238642911118858
-0.39430402773954676
-0.09362587620456286
-0.05503226114234597
0.549292976475356
-0.08689896918998724
-0.04945991118104359
0.005978631670251838
-0.45396392602580016
-0.07319598180965697
0.6303857365844544
-0.5176250571329679
-0.11327646346756662
0.15623565303406045
0.060075980337802676
0.028354255684202606
0.12812786803908618
-0.3607104986431393
0.2734355526416579
0.08826422647252927
0.5997905305772335
0.05177723567140924
0.9784065804354534
-0.5513898712955181
0.7561233194247161
-0.18634308217682893
0.5448102743312581
1.0475783123994609
-0.459261403270132
-0.01396341344819857
-0.11139994172512506
0.127917316341601
0.16879644513418476
-0.5938077437433689
-0.1615000746328424
-0.4868916496737353
0.5249621334345366
-0.32226724699146586
0.15405342348894227
-0.4590983527674699
0.14101947075728966
-0.7793728603217382
-0.4245463402994583
-0.29483534665605543
0.26173870440937685
0.653523818309637
-0.3255914973820389
0.1195846028910598
-0.6040906375123843
-0.18035969367411894
0.03515973983109372
-0.7892429436148769
-0.12204430227190347
0.4524617015432285
-0.37641005890449897
0.41020692425611244
0.9415531833369195
-0.01871900004905991
-0.05770670122696593
-0.4767743482579821
-0.6542018805766998
-0.23027770560158622
-0.17991338928673084
-0.23989621341620995
0.7717995869239782
-0.3700846706442821
-1.01945083170685
-0.2643338854683492
0.9103011356102599
