-0.09252481527724044
-0.1363946106609347
-0.36398370142903413
-0.4534793779806098
0.1849807606115289
0.4124945290586648
-0.1029499315256977
0.480111355213657
0.1216308655861964
-0.0565243028246611
-0.6315445328405199
-0.8532937997849797
-1.0470264604306863
0.3346233362515812
-0.12741885838715855
-0.045711229928375244
0.1977947982454608
0.17542878688327102
-0.4639625280205536
0.24475279849874
-0.5855689738778764
0.37416596087022286
-0.4228651652053014
0.7406070526201473
-0.4986501867090576
0.4102471206683397
-1.1843535365562639
1.0135144719890745
-0.0797915442369514
0.7907338874439945
-0.0928994289775753
-0.9232019643482203
-0.3581170789414493
-0.728823934433793
0.4432588467967616
0.11493481500731519
-0.42251420110443494
-0.5127937426734395
-0.2785201988775176
0.07997366017700808
-0.06870896787903197
-0.17335540474991012
-0.6282365811858261
-0.6465857329363496
-0.44196272160908945
0.6472523264611822
-0.23147309702997754
0.04275106741870369
-0.1394361611597138
0.3053126239346615
-0.540140397275324
0.7728403931071337
-0.19318715834117817
-0.35005061533902604
0.3047862113878455
0.3056648259157493
-0.37571969370663044
-0.21484350292144852
0.08335706006684546
0.48691326858228734
-1.3914867131599247
0.06691865126723232
-0.6605092182715581
-0.05841337222059854
-0.46228680823374335
-0.3348488114032691
-0.25476134145272467
-0.22637482135952167
0.02023215740780332
-0.6870390790458956
1.0008177517075934
0.44247457085601083
