0.42584702440491984
0.985953631521887
0.6356610161976326
-0.3894008366928552
0.37847331127434525
0.17615635768575902
0.18087894905276847
0.23580269295890238
0.027638867327566652
0.31201950481879076
0.07932674068854037
0.3444902193606269
-0.1378124106773725
-0.08873403189388859
-0.153242669308566
0.09426148000976475
-0.3948196088890637
1.0589100518981036
0.8421732223812128
0.7827061397899616
-0.17876680059952818
0.4446527563898192
-0.8978479554580192
0.28644281123300913
-1.0063675878752634
0.26734488587696975
-0.22434194104780625
0.24916493543953622
-0.1473210911686803
0.5559060050097657
-0.8874864896434189
-0.22307220811792833
0.30291127220800207
-0.26290753035300696
-0.16367985640442062
1.0168311224597508
-0.5607413842050214
-0.5967341505031845
-0.32263437240825305
-0.2542556819577453
-0.32145692894143924
1.3730801190130912
-0.5526507283052707
0.15432760817327307
0.0934078511462375
0.8094615560218672
-0.6296591529031743
-1.0242419693254068
0.05474178533444596
0.4763814267084546
0.2879253548115303
1.1819119412607084
-0.0955489743015536
0.20834516661764818
-0.2423520899476375
1.016676096604534
-0.40599866412659763
-1.0074314587484894
-0.1802752174611348
1.0151038942595485
0.7041920597327258
0.2879080138046263
-0.38330692447678316
-0.9044385035082086
0.0081079793435868
-0.7482521791289016
-0.44513449841697206
-0.7551059609061551
0.11191722466819035
0.44539425707217056
0.15914017509940145
0.36377240017228357
