0.7131228696011462
0.3984648191596487
0.09350891412309285
-0.2476624089885044
0.29189083395065735
0.09160822206266545
0.329228371027963
0.019436022130740742
-0.11322836146584735
-0.32434000717346445
-0.44212296075820134
0.6876504561236141
0.4051294364792121
0.29214126657130746
-0.35367339912743456
-0.11349194600748447
-0.2571598385873553
0.3883152005890913
0.38469414546404324
0.36106282798596145
0.08330046602476249
0.3340456056877294
-0.5156244317919684
-0.24187871055845261
0.030770424667134727
0.3220723543221173
-0.2136580203078717
0.2589650504758642
-0.7497641301385704
1.222457494713089
0.3605072665302276
0.09938093257340655
-0.43462090446615065
-0.29046603316701675
-0.7868917556296131
0.18338124800632893
0.04874672703462288
0.4302875922819338
-0.3434168444943259
-0.03727529785206066
-0.5844932525147759
0.3828509185238044
-0.0243706092785737
0.1979172433529702
-0.6415489592019777
1.0919542430997513
-0.8156263333652645
-0.4428069623328281
0.3232301384304519
0.26795547627482474
0.3099797958327542
0.510207586570575
-0.09468290966371007
0.3147008233996632
-0.5918693729677101
1.3420403493567348
-0.5149135804347307
0.6107710117939084
-0.4273180276617146
1.3407717088088518
0.16404477055751143
0.09131815163801649
0.25337681779082605
-0.6251075547772427
-0.2946663389034592
0.14880060692973376
0.9860523956064426
-0.004085383071691671
-0.9704259507033621
-0.30587357475115196
1.3054933341501502
0.40052687769705125
