0.03529468174933208
0.576944190574923
0.3399854773226795
0.08066617798843395
-0.4693439044382192
-0.19367848851710595
-0.38349974529870934
0.39813396535630013
-0.0394486203271496
0.16183737233334577
0.1011741108838341
0.16672957780681935
-0.7512621421839167
-0.26257494313971175
0.7002098186946921
1.05512509645989
-0.6040809365832919
0.15139447018662136
-0.4447199230292775
0.45336259286734926
-1.2088280125858217
0.08415059840731604
-0.9352004307615194
0.24468834093182346
-0.5560773315343599
-0.028275390242730236
-0.685421385374636
-0.4187348558777766
0.04447225843076216
0.6232157942001502
-0.2092102417879022
-0.4724378786683503
0.15059577790456619
0.3992467196672726
0.8772298852903075
-0.061486750315333516
-1.0250813100557672
-0.7695358795562177
0.32017648379053787
0.2631951449104691
-0.4558419494101666
0.44385567315531427
0.36444322042542265
0.9261582818815715
-0.9792963849097835
0.26094287042666253
-0.849208561807013
0.3001424986403058
0.029015837206831395
0.6378561511111278
-0.17474917665544362
1.1267485156205777
-0.5896428680647721
-0.429884837236951
-0.3503668593654146
1.6571796007225443
0.2347917898739442
0.6237194802781072
-0.029974185394492786
0.672582168835412
-0.5087283573659076
-1.3607985896444479
-0.3315452060343902
0.6483787696477692
-0.044570886292366746
-0.18971674002632402
0.9639056494965146
0.40380917824557216
-0.390718423503263
-0.5411491203242809
0.44007027659294506
0.31965555594825223
