-0.0615056561848476
0.48357005269049136
-0.4616001220359626
1.1633150318626033
-0.06301337047919847
0.2786275768524827
0.17090151293972017
0.08292650659274473
0.37141950067719887
0.2370607965563488
0.210077338655867
0.25275612410939696
-0.09956011121443725
-0.5347791751904605
0.23678714165500656
-0.6505469405536343
0.30026474875907216
0.7877487329654762
0.31706553704751467
0.4871583844055293
-0.12368913325807629
0.22501501687574843
0.02609699396508225
0.3944981905620494
-0.5206814111755114
0.3977839046388039
-1.0967781178211875
-0.14966756512000357
-0.7607530900059267
-0.2306403678332041
-0.4089354124414031
0.02468040313798292
0.22425525830535864
-0.1846026238892292
0.5466143405574054
0.20257601148762241
-0.17594946201087758
0.8503016070457912
-0.6150577619659156
0.016543720542658263
-0.4887907918207134
0.264392170397702
-0.4524827152931966
-0.517179648870957
-0.10130200515365059
0.6796699342514732
0.5280280593343116
-0.08964148188988241
-0.31262087889349943
0.3215621505341203
-0.25461308552137146
0.0956331311144131
-0.9031743890864489
0.14981743648437235
-0.5879363077616241
0.7731035100581454
-0.6646145970545742
0.4234952394469027
0.034857731670215594
1.0845372457142939
0.3483205833981703
-0.32362534799649756
-0.35302553267603465
0.1035918864942594
-0.43409959677598153
-0.40365456209805595
-0.4641970261410713
0.09403137477030205
0.15677108163222137
-0.6830176403896495
0.8667028203952137
0.013330891977907558
