-0.5877531481142101
0.12475766639130345
-0.1616764906146821
0.27065672093755533
-0.351753983783053
0.5827442758357497
-0.01030086966963581
1.382728338790467
0.10274807421739124
-0.058499516767473364
-0.6796719137645004
-0.4318305651332821
-0.786341733808472
0.4927371101337293
-0.2861390151370066
0.15008998351116343
-0.3291547095309065
-0.28679179764865315
0.5211330858717381
0.3354466756623269
0.10534779615384976
-0.058282508004648126
-1.1006954654352934
0.1876414135352681
-0.49161568752291585
0.49129809899042437
-0.15218130833446697
0.6416616254728235
-0.11942563900819825
0.6604316389148974
-0.09369981694765712
-0.17609198585419383
0.25691279027181085
-0.05523793446615814
-0.6276205122565384
0.1528173015290612
-0.06367625034252311
-0.3053347446526768
-0.3512047784052996
-0.13269525138045654
-0.5538825799071293
0.08178728831650514
-0.7224666970352618
0.25675168353703276
-0.26080441259369286
0.5404985769188643
-0.4564442884548216
-0.22423914202017542
0.19042708844898312
-0.19647483909923844
0.2835074846737397
-0.07273552206632422
0.190510069056887
-0.2003185876726529
0.053499393555134084
0.6452656872516533
-1.3023174249364475
-0.10083802878474618
-0.526227984404094
0.870853371953302
0.00044470300327104084
-0.09005374249633985
-0.6363273889030389
-0.3701527761480897
-0.3827794214942107
-0.7376766442647937
0.04567254210106769
-0.03936501229174505
-0.33993093442601435
-0.03867701332639237
0.7335661143882641
0.13849438308796397
