-0.24457777578901552
-0.15755145114872332
-0.301823009005163
0.3037646756216368
-0.022290275523541188
-0.11803907993029
-0.33659604640901264
0.4434204326686242
-0.58769180324011
-0.5330774136922024
-0.9963643666812425
-0.1761116242005317
0.30560863199923
-0.1222919327152493
-0.10016552236584103
-0.4907972893314173
-0.5322994687399971
0.2763604419524067
-0.36472431627862856
0.45904822399256245
-0.7271994083033381
-0.050146326498864524
-0.0499897175464159
0.0825624205811592
0.2521463669718019
0.9585581323888164
-0.7246096594534432
0.27084518795458934
0.29644932935172114
1.0580704493912552
-0.29708158227076664
-0.15573026436604112
0.5334961107628027
-0.05444948673062387
-0.39091418071557726
-0.3979733552047169
0.36563734766790223
-0.4681214041811149
0.12261158479266995
0.6970458732959257
0.3929584324464716
0.6741578021390444
0.13164219731624066
0.33212453605726655
-0.40739072693130085
0.8773858129703633
-0.7093148844126586
0.6030371735870987
-0.06614742529700424
0.28731463330229673
-0.008036319935111908
0.41954702545946876
0.3641157162464874
0.6499662226139997
-0.7956417340592915
0.4818604966244756
-0.4184195922987331
0.26570026361625665
-0.40205699110037296
1.100247614956002
-0.5188970305993041
-0.3732754612626463
0.2111358865233819
0.46834052632526857
-0.4824749568073083
-0.3476730078549581
0.23567443968428053
-0.10814119509254244
-0.39297538092320056
-0.9730074003285546
0.8616086815121609
0.7546309701078487
