0.04853298557415764
0.12036526741202817
-0.22547722206955867
-0.5535320732570189
-0.13425780262347292
-0.15240375810584067
0.27200079089726337
0.1655373991216103
0.3434800528794891
-0.2920108770545216
-0.002180681097132167
0.829186917775091
-0.11503153928101043
0.43272784511982654
-0.2081532580106519
-0.010712213077635133
-0.7987489083197417
0.26429755393900783
-0.10510924361252144
1.0951036379808103
-0.22227431382694016
0.11509145647186549
-0.25810284646771386
0.40655269611897005
-0.5276476783633269
0.34681842350866593
-0.256481380692083
-0.291386321628614
-0.18689327101513303
0.6131265379983418
-0.5379871575790227
-0.05744307605668364
0.6205893089641847
-0.32449999977387844
0.8015476627523537
-0.42441703282377796
0.07147320730392945
-0.283698921074984
-1.0441700879912754
1.2225802259789402
-0.0038710184271228687
0.3466227919100837
0.05567011598612018
0.4706873266734516
-0.24653448040056367
0.6520390991841296
-0.5818529952939369
0.4654321524906335
-0.48520197633295903
-0.06643506743094482
-0.4462755573835308
-0.31243664367247487
-0.07895999870693632
-0.19459411347972194
-0.668217998643727
0.08130267790778054
0.20455723890413
-0.09104350739798138
-0.39559601025406144
0.6820311498527803
-0.1816590306187849
0.036026973140512425
0.2492175936522018
0.05641659779498262
-0.9096888646427201
-0.7522770948401407
0.3212593145112192
-0.052817627062435035
-0.7431488355301545
-0.8279302120201586
0.924670392864186
0.7882718006310144
