-0.9021646716733656
0.5679177236647613
-0.22297377288132697
-0.04571576206848575
0.1821099941079708
0.40709131148754696
0.16146643453456866
-0.32471107717624914
0.28965479458735466
0.7021412134617189
0.13691532442542448
0.9534203672468434
-0.00684210834016713
0.7360825624883472
0.20919829537309573
-0.37096101274191723
0.06686404827334336
-0.5151950539701323
-0.12763732628565835
0.6485123404657072
-0.06211420504359131
-0.32715985262968617
-0.8073860800670336
0.04335688568279282
0.07407545447306396
-0.14242658768927025
-0.6240807414140643
0.011974964702673688
-0.27503100578838474
0.6600003678868613
-0.8231651613290072
0.029885179136159637
-0.6470146529722953
-0.46591129430768774
-0.3404684619601229
0.2224554186758104
-0.9276409292132594
1.1799477763557542
-0.17615774706788173
1.0877632758212175
-0.9073746280528305
0.20156022224387138
-0.036264018695223776
1.3002579632061502
0.03857156137215981
0.23187895537017236
-0.5023965272472818
0.5029594795272522
0.680248855734569
-0.22441901424246852
-1.2731480584473276
0.14540495729616057
-0.290891909434849
0.682313905810846
-0.21241651847572873
0.987313145052892
0.2040500892645065
-0.1830635003755827
-0.37850288399805365
1.1733358299105643
0.8246860419245059
0.9449484384037731
0.1908503975390539
0.10402074460271166
-0.799124815999134
-0.22489335706172534
0.9881590905195881
0.35996620936632107
-0.8913214777332001
-0.4994954746514583
1.1855973577484211
0.3867650028430346
