-0.4122877536531501
0.11132796564746271
-0.19744307030004585
0.4989229736967086
-0.3427314702949669
0.7897187417968933
-0.06377019323165088
-0.053075175642269004
-0.044591498645900784
0.08654827755468161
-0.6712325949325161
-0.7765456723887045
-0.8685084717231916
0.4931954416479366
0.23554735115445663
0.34308207461053397
-0.2729008045930806
0.034689527655092145
-0.09452459665886698
-0.024864815946581048
-0.8102300579408269
1.0590023187055624
-0.5101018435405462
0.0888226892481426
-0.17382237769798076
0.46272174812065303
-0.8482813757008998
-0.14905047222982748
0.031597266174246005
-0.17781147664065683
-0.6089629006574446
-0.26180002158453924
-1.0747139651191377
-0.26211581808677065
-0.16881947610480463
0.18024278656923132
-0.5302130531573557
0.4259001827058957
-0.5774693851382827
0.4589427111100506
-0.6433053180760588
0.8103071088006093
-0.3709886763988892
0.1347647001945943
-0.4331675689284187
0.3840898089416548
-0.9245872870731079
-0.029695693885050445
0.17356950035092644
0.01963842253305939
0.4372382051972359
0.8329465227138534
-0.7985856039996014
-0.7221691350168685
-0.6945645181955151
0.03737155203099585
-0.04169146125847728
-1.008275012250219
0.35530450115154366
1.3187063603620879
0.007955165717799917
0.5352445979403786
0.8637565509666716
0.30163504216235604
0.6649676503478299
0.618524183581856
0.3187670694974633
-0.36949306505885104
0.30422048386806194
-0.1750510632225017
0.41479519534514653
0.20892282671329646
