-0.09353928306541767
0.035039830661532045
-0.12240559492123099
0.246533488621295
-0.15823453257648834
0.07563013983403273
-0.0039857416282837455
-0.030695600128456582
-0.2896291794391115
-0.1876555472730016
-0.9212947221577106
0.17532236903718668
-0.5217076410080268
-0.08085644444074702
0.059540650578232907
0.2614927998016916
-0.7067250967920734
-0.6416589149702863
-0.2888451795266531
0.8122920055525886
0.3936654145880833
0.7799419944881543
-0.30330243653108485
0.3967895984830551
-0.9511453216340673
0.5664994382131838
-0.9392285486298373
-0.24065956926143078
-0.03167402276178666
0.27781412723769505
-0.5079101731351036
0.30278684315324045
-0.660977931535625
-0.0015791477509195795
0.039259572197014314
0.15713745856928688
-0.30564760242336025
0.4753400396652002
-0.21878932223732467
-0.16827667768778373
-0.9412744155598552
1.2509941843746462
0.0920268192967496
0.6890431114228508
-0.5270651356672029
0.6808190036348063
0.3970616199983274
0.7667428305450865
0.0006057504277526826
0.28652529387233244
0.3027669676645806
0.34053204730530906
-0.4327729274280995
-0.2635772843600826
-0.4454699629850243
0.7345288897906681
-0.5440350971678586
-0.16210717514187226
-0.9536809674015241
0.5581749054583425
0.08788490865620516
0.2445624096496317
0.027195864830154903
0.542302893054651
-0.6129477937842818
-0.09019778929962285
0.9031940248616137
0.1841441310244605
-0.44953034975630757
-0.3505719217648437
0.6109216144125289
0.3199095876460606
