-0.3814700614200186
0.21088141987521636
-0.15722416776080655
-0.06408565518893009
-0.12105059103820351
-0.10502710079813057
-0.24695297678733932
0.20813833265169301
-0.34494061331029424
0.820843760957279
-0.3201192521406044
-0.0026708238384991687
0.1893667332031942
0.43506731149999683
-0.11099190943559119
-0.4698099760819898
-0.14601086819404
0.20405804488959672
0.2843816190955394
0.7331605545257868
-0.05132560430145486
0.6871921213924916
-0.10382944685141213
-0.33249544966489486
0.2738469248729008
-0.46512613711568357
-0.3755678826936692
0.07385399716828267
-0.15259321839794876
1.042258076563178
-0.6439481266006138
-0.0024381718733862134
-0.6245547132048754
-0.482767642039872
-0.17180428258777145
0.11633980240172963
-1.6578461497307249
0.7304697345706836
-0.1135359988029764
-0.0011572492239353416
0.5423628730026981
0.2656528615935047
-0.5587565396427643
0.4192386170993632
-0.128963497207172
0.44967566306703444
-0.6262488412384998
-0.14874984451487722
0.328501217928581
0.11699846582922477
-0.3933822653280788
-0.040932987650212346
0.06147738286193211
-0.8081876336563854
-0.12531321866015072
-0.2419054927742782
-0.3647011438831606
-1.1132635308123637
-0.48508664491841536
0.8613996930975427
0.05373124801284611
-0.37567525221332204
0.11611265088675138
-0.09536885150634938
-0.6043329066496071
-0.49347241056204216
0.17097716651853617
0.43431028167543906
-0.4637066938382331
-0.8908255577704904
0.28985290708771816
0.36411037430956694
