0.29161490319978867
0.5502137421825043
0.24210495726394676
0.05778876007962977
-0.17862519776852165
-0.4698994986453153
-0.41263962951228816
0.06676072546406303
-0.28067674894306294
0.23000406785103505
-0.5867851631467624
-0.1305130325759473
-0.3896811293938921
-0.351437891291621
0.21913946404466622
0.11861421176369907
0.14659690806709447
0.0436747125239241
-0.06154251597992218
0.7543574123755971
-0.6019325751401401
0.03788733619657769
-0.19492763628460572
0.13342486992409447
-0.13224360465055773
0.33235379547089156
-0.26508431189657766
0.12220029152707555
-0.25370592025990646
0.7353029339480592
-0.3676319910289773
0.7045397956460335
0.11577032672390364
-0.22597055692153456
-0.3737654875157322
-0.08814332257211353
-0.07125606124480582
-0.7293792121255527
-0.29724076163234825
0.36707168755323644
-0.19384153255247022
0.39166535447568396
-0.22159320448482847
-0.9225198598615427
0.07341681752432333
0.88359147372471
-0.02846182248449808
0.17661515447956758
-0.38471476381250647
-0.12368305391705073
0.16357514351245686
-0.3936548335937524
-0.4191502624825614
0.13044473883254673
0.011071957761882134
0.8926227758755645
0.7179294386401107
0.1595520643369339
-0.5723984013352132
0.5749722145772214
0.2869282948953859
0.26136429095095104
-0.06054696803524831
-0.26499341772126356
0.3340764151655202
-0.12108010709465303
0.10992985654428053
-0.40539880584759114
0.2880125841207797
-0.44469065401087493
-0.19788464154900953
-0.3293000994797822
