-1.1771837550016184
0.09751081642044379
0.5672792480583001
-0.312349022624516
-0.0021062712291046795
0.35755334041580666
-0.33407268819812885
-0.2671156785815969
-0.3659965007802959
-0.21429763600625895
-0.2496476930914083
-0.4452219777395053
0.5484028076545577
0.10880761024296476
-0.1265847747112132
0.25771471288579084
0.4775506494408809
-0.45016203433229846
0.0509972323782781
0.3082524887957903
0.16515986202115857
0.11094402402574018
-0.4515191486715643
1.0055996705473074
-0.8314709479887061
0.7128760163655219
0.3288151355070121
0.1355239702484897
0.7926068276256019
0.06891838658930982
0.3319492315016571
-1.3241236658486764
-0.36154322601417427
0.19743139438126528
0.2350929035954856
-0.12750354796251703
0.25391778904169204
0.3057801190888639
-0.22984422525778386
-0.00940292655161204
-0.47899139510347133
-0.01750113642915674
0.030436739660964787
0.3262453799942011
-0.21571626987151094
-0.16792065452510146
-0.35232156726166275
-0.0018085451938808506
0.10465864590145671
0.42088199659409686
0.3318039710209861
-0.08270012341357641
-0.3888079333967397
-0.3330848165554281
-0.1405240188969926
0.33070225856819657
-0.119860892757438
0.03480972546681054
-0.26209861011407765
0.12619322890051823
0.16761410620679867
0.1058435594493099
0.548512853743919
0.6411806346906919
-0.9213107276231745
-0.07613391041555886
0.1159732151545309
-0.1404628346381453
-0.7210306302134103
-0.7618984796704031
0.3007607409579026
0.7803886477427353
