-0.27789763746751445
0.6818225230545341
-0.45565177778095256
-0.5142607152968144
-0.36333731547103054
0.07346029780196753
0.10918564169786207
0.8441413068767462
0.4699119455340983
0.8439091438144806
-0.452024108280543
0.10673145040824539
-0.7180205258282671
-1.0532517931394703
0.27171104772930227
-0.23939419168111445
-0.880358039424788
0.29891927156748876
-0.4250694695768319
0.03424868085429918
-0.394594565847062
0.4165567680037313
-0.4293008682259757
-0.09616848641615611
-0.042707267229565055
-0.026783975812603472
-0.1449778946610878
0.131192646484519
-0.337551774127983
0.7022734017068171
-0.2663596327563983
-0.14465609347775693
-0.4158180566127653
0.06823275727933309
-0.7763165012737743
-0.7006705056757275
0.00844198926307449
1.2072995518438925
0.10971258433154331
-0.3157223954997286
0.04543847025025183
-0.14396789689545664
-0.6502365717367711
0.02062807618057072
-0.4698388190820346
0.7126718436697375
0.11825581364377317
0.35829670276452535
-0.3367242950846522
-0.1123105528863066
-0.31028820002490487
0.3286780958909998
-0.7714479815436472
-0.470790398261076
-0.5904509018368816
0.7697548704862742
-0.07299104879208985
-0.670112243127451
-0.38368377745094046
0.6158767277410523
-0.3733554004057076
0.8785060172535581
-0.10374861181521944
-0.3709921077771723
-0.6146258216758317
-0.37043973550278353
0.42424652812521785
0.2799121365921703
-0.1599316703420089
-1.041724761917033
0.6268095518623025
0.758259965046262
