-0.14079214206596471
-0.04934836564378603
-0.15361621851082918
-0.24102729419174607
0.029182514607036386
-0.2667463183445622
-0.3013405182602731
-0.14844986179708042
-0.060067932929302514
-0.37859664376673324
0.131800821223426
-0.21429160996073784
0.0412435861481229
-0.35555760347889265
-0.4473801677208715
0.04303464329921558
0.32453854080434125
0.5109806878218571
-0.07009731294199692
-0.12392645590162808
0.18550623597943322
0.04271597063243776
-0.7964554582532346
0.7272609729647032
-0.009252535579875348
-0.17098576019379266
-0.1588779495145594
0.013925205321932338
-0.009368348621492661
-0.08364643073228778
-0.2054553801449237
-0.5287361784594482
-0.18785749637130583
-0.22754303517157323
0.41089242561138034
-0.15429659088720105
-0.13056209044188816
0.3836476832958503
-0.17269390474151147
-0.08914226212835313
0.12462162679586751
0.5431088696361834
-1.367099209577276
0.4919433705863581
0.0975710170346647
0.47082419846653545
-0.26504131735149183
-0.5082478426272433
0.4141854880344782
-0.11499012538675758
-0.12264036485326432
-0.4574106406500612
0.32982039304129224
0.13734992748082783
0.274869967552151
-0.06783206566217438
-0.2697939220932437
0.20074277737490442
-0.21648343179786794
0.8132436091013465
0.049653219631432405
0.36037535841337043
0.1254315918024914
0.18932576266392706
-0.05279031996481323
-0.28053142896852146
0.28554484997101465
0.9128820730077367
-0.21070079304761968
-0.49155363223893017
0.8123530096454861
1.0044640267450742
