0.16783986847494065
0.6636920902374644
-0.08711061428191898
0.014812755621052331
-0.2535683365970569
-0.4410364175530645
-0.3318927418278167
-0.09018888489731278
0.485595968035909
-0.06511571588739098
0.16196191520678566
-0.4623620146975054
-0.15744377135321336
0.4872434053243652
0.11693240350180517
-0.7460199678026982
-0.28638027545743255
-0.35186283786850947
0.017268659817185394
0.012148856568351046
0.398801032249255
0.618354982864296
-0.486955686162174
0.44054406340258984
-0.546400284666208
-0.41376399688091314
-0.7806070767613886
-0.1013663882678632
0.00705838794517644
0.48023584732162855
0.6069815352858823
-0.16046432795984739
-0.3460264013146066
0.6227076914082097
-0.3767656353286015
0.7212712057658098
-0.25144780099278397
0.0008346858677071856
-0.2728879728893557
-0.01602082313628647
-0.5047031923942918
0.3397505985432128
-0.7944181239323898
-0.006050991462504818
-0.6810859594085173
0.8147476945501262
-0.1918257654756492
0.663204404924699
0.27979709599618596
-0.1824078371865418
0.27428542394558225
0.06675366207393985
-0.4095351214878902
0.05631703789211916
-0.670018147080129
0.566483261669862
-0.32548290765717625
0.6106784388531599
-0.8474359295567655
1.0419947021972626
0.7794495455015115
-0.04677778232172214
0.11724734493546363
0.4454733271797859
-0.22861859519275815
0.5976650321088559
1.4491972909828417
-0.1186579433325671
-1.4844193760204756
-0.6203719821712148
-0.03286488082645078
0.608377797813274
