-0.5592602007613067
-0.18966070343466923
-0.7527721752252301
-0.026220304484367796
0.10419825850983032
-0.1374445057785856
-0.9655112405217197
-0.013031451504354225
-0.29469125917153666
-0.24889467147404665
0.5012908238792368
0.13139825997159205
-0.31140976870752457
-0.2704032471618222
-0.36681689263600226
-0.5191448189344284
-0.00020525101433246928
0.21724065569984452
0.5974736583997171
0.23890632475582144
-0.03363470509663152
0.34490521193287194
0.21318146294101117
-0.05614759018975718
0.14306313837858636
0.458189184191644
-0.43799118520710006
0.22337133534146097
-0.0012574672990618152
-0.16758151120467576
0.5164910053823152
-1.0475242034523105
-0.37177340924299085
0.46845339775871636
-0.008496303609814876
0.026291094593785
-0.6275142040230495
0.5187658831680811
0.1263282280141404
0.5686666165032355
-0.31234126398245454
0.12163861384519276
-0.1700775359306382
0.42790318748716477
-0.449172900604866
0.44081456930375873
0.030236289990006715
-0.18320907955907478
-0.8857639362901507
-0.1276328982938018
0.3223866586462033
0.008153570037581215
-0.5626593104803804
-0.4820609649080744
0.7059148920039067
0.7881494803256088
-0.15309363253362662
0.06451057985471156
-0.692863105465978
0.5853795775947553
-0.503934230041271
-0.09224937699271352
0.0034543429756222904
0.5481939580789232
0.11832934855775375
-0.14619527962006335
0.22813606356305327
-0.2749339682961019
0.2648214405603316
-0.26628008476849013
0.2915209226552033
0.2136148456125417
