-0.1478751837080789
0.6206359159432189
0.08726320250241384
0.40805791683753456
-0.14686804879463466
0.18439189743660567
0.04196986659853902
-0.0602730063369499
0.08904194904632781
0.26909066198310483
-0.62925649950303
0.5647049779751724
0.24188601204477173
0.13344769721701316
0.04749891174673092
-0.38638165214209486
-0.09416475251518998
-0.3811935917729641
0.09390339240364551
0.5897333781055214
0.11058461116738627
-0.11223247251618779
-0.1700330480495699
-0.027400339951167335
-0.27547661329325623
0.20236977586952531
-0.31475136694447375
0.2325141927921271
0.15021257026747734
0.39979066561415294
0.10179862067587142
0.392691606777296
-0.15425913184176615
-0.28579838860196466
-0.03373159955258956
0.3598838529789736
-0.45751373067073736
-0.5106057455874884
-0.2448059515992831
-0.3550507660981373
0.139365325373923
0.37837821069564825
-0.6214366524222582
-0.19715152830567684
-0.5952082590455247
0.28933065988361606
-0.057309796551374304
0.3241567832789617
-0.4029814337497358
-0.25344658311581203
-0.7682766080736512
-0.07129500190890573
-0.10267992350364943
-0.2238077854597883
-0.2611050633345157
0.4144361591438385
0.4515877476795055
0.5312502407598002
-0.28337061407373737
0.665792686094247
-0.25349076458425274
-0.36130829814926
-0.6580182713007333
0.406499719977656
-0.22190555945695578
-0.7491272079727129
0.4797745817268221
-0.1400879688748758
-0.5212612391877717
-0.6019007651800838
0.5044561625772992
0.2953009249702725
