-0.11414448359074797
0.07717552797921756
0.17412718549710357
0.062104517852755226
-0.30776141168091137
-0.5412118153144827
0.2059219973025569
0.2310191447100562
-0.0781186163535283
0.530830984841737
-0.10900018383477889
-0.5860177063478476
0.42426527371402467
0.27020915439700427
0.5707876048415477
0.1717788844490841
-0.07144299829811881
0.6044751218734604
0.23718202004142294
0.8164521552695885
-0.3945013134060042
0.36268374738810993
-0.0012562804823962569
0.3667638274630873
-0.41616180728159485
0.27264522412728054
-0.20492796902223753
0.5907938622984703
-0.7438249532947397
1.4837775018423804
-0.38937502767591164
-0.36937556427307194
-0.01622040350420911
-0.8773569367827856
-0.9243332478941036
-0.3562227010519011
-0.6481601126590293
0.7486823123005357
-0.4793719967788532
0.9261816602188286
-0.15493684342690778
0.8178405959689903
0.13920676926364198
0.7852251628341487
-0.847807906892627
1.0260425355740137
-0.9069757701954897
0.22871089799850297
0.10719697717491775
-0.19069179213173343
-0.5904982840807408
-0.3560005366607605
-0.30384408617431263
-0.3669386690204807
-0.2738912019719194
1.223362902825874
-0.013179490253586557
-1.1459985567416724
-0.10707281070010052
0.6518775839304232
-0.3248399486105785
-0.10258112917919485
0.25897533040635673
0.9055457809661259
0.5312286155662218
-0.5920498076175944
0.8191204670127954
0.5559853609993392
-1.1442361936220036
-0.5301355776711101
-0.5067089671841456
0.739719867021603
