-0.6804133788779708
-0.3925898967216706
-0.35886446066319566
-0.3334153696568277
0.48135425289805756
0.7094084111928134
0.021440433476740794
-0.037041390310982386
0.12254812567345683
-0.7581491891700631
-0.8756949433161905
-0.6464343434168848
0.2133024879522709
0.35991309961775453
-0.05542791267794245
-0.3969540194942349
-0.4637935404701422
0.3016856133513984
-0.3631488405838612
0.24451221379589538
-0.04002044777534877
0.3538649590471743
-0.04246228583909377
-0.04315738324063323
0.01400528255436137
0.3159282575101458
-0.019044121956035276
0.8738621590724237
-0.29806025834833133
1.3727420943448656
-0.24467162792446745
-0.5681489676504216
-0.4364297764579454
0.12796793597403805
-0.7251857734566458
-0.4200905761977659
-0.5461516843550012
0.451270011210846
0.3175614873711562
-0.05905751193221592
-0.8024531248719029
-0.6030583960408541
-0.8602507004851394
0.547837784775972
-0.10506315296276203
1.0229832125807388
-0.289347572827637
0.7849193775630339
0.15676794425090881
-0.04256273826556915
-0.15544192376924434
-0.29949614651236656
-0.6466441103932093
-0.07025757733476296
-0.3829296810413197
0.4874036042642147
0.5254869770031384
-0.49096270104229345
-1.4004863864787092
0.6381081352926906
0.9213254396166022
-0.4972912496079524
0.8298331231102773
0.015291709691769795
0.01615565165973172
-0.5433534462481989
-0.2813274667526286
0.9432233497288023
0.007616937405112146
-0.8178708666515153
0.7886425015778956
0.9573270255456369
