-0.1682516820372172
0.3284876756841173
-0.9274706205544427
-0.2152167436622402
0.3688029482225852
0.3331796279781906
0.19161778807474114
0.13007181065145818
-0.6252440077901285
0.7362969413406228
-0.33812344660043814
-0.2186958326345037
0.8441978032658729
0.7059920821380951
0.09074995334644084
-0.3260351970359122
-0.25865380881368943
0.3910656403716069
-0.1767192657327213
0.8217237693855459
-0.21461482721827202
0.34469266150026634
0.02935533983516657
-0.04777563443646593
-0.09122614464545167
0.6465841948993284
-0.5572220502926803
-0.3550956708758927
-0.15879319686801938
-0.038876773834475575
-0.010771774835151515
-0.9654343708208246
0.5688723730416033
-0.011418844234791864
0.043641150807643206
0.29857390815587836
-0.17832420815085998
-0.09190610343071717
-0.34287340486591694
0.5578654586250116
0.3196253496778697
-0.0894645364035549
-0.9549985064053129
0.8080946393831427
-0.8505945865781657
1.5420765410698754
-0.32626603232607637
-0.07318935009988953
-0.13520236114718684
0.033760225681135264
-0.8808396306963734
-0.01972393643295478
-0.06184957820285407
-0.9360996506982608
-0.48301036355303784
0.6070139571032614
-0.7094209733523729
-0.11866571200119427
-0.00035111067339943514
-0.6260050527116685
0.4196401344902887
0.6442327830890091
0.7583653724393862
-0.47159768120614254
-0.2389712697207825
-0.5766139027504138
-0.5240950381901706
0.3581785760581732
-0.5497275726019417
-0.8534835971017205
0.25756763782111197
0.39046524488517614
