0.14922446414538476
-0.21834328072731657
0.2932600291532714
0.2217052940102942
0.06703698326069887
0.6350359118811442
-0.5007052160937621
0.1935702135179889
0.0877980032432488
0.7189279206787083
-0.6211375241342854
-0.5302660229592975
-0.18692053551992316
-0.7088297638701926
0.044942558726139004
0.25180565214476625
0.1960343544003335
-0.12832053359568912
0.3333979268453079
-0.7621338100860402
0.0355317796866282
0.5765125168542872
-0.04651863930354232
-0.10750815772839928
-0.6988800279468493
0.10142783611434947
-0.3413741256881044
0.46729743717174554
0.9986231578223216
-0.06050083655980665
0.5844558685706295
0.11145883191549794
-0.4441945123252272
-0.3643174718663936
-0.5379897409735619
0.47144294123874575
0.15488695322054408
-0.013485071257957906
-0.3199161805839417
0.2522868199535172
0.17563211635774892
0.6307327680384152
0.20919752959046378
-0.027674758284243733
0.23805384745429814
0.08856717100126965
-0.8264909754346124
-0.2074981396771978
-0.29913036446558544
-0.131073059691388
-0.0642657893663553
-0.27272367242103923
0.3880823193276981
-0.6476366289563509
-0.3262301996573607
0.6522872398885177
-0.25845340849917964
-0.3101798763566482
-0.22055987961107532
0.5984852415964965
0.18654885876873467
0.3738148674590987
-0.37199199327535126
0.08613180653045308
0.4705219641875738
0.02812433179855303
0.333009305228278
-0.23545269453847056
-0.4798313055723177
-0.284171264939196
-0.18835921361433702
0.06060929595317038
