-0.0788491057609509
0.5399373496320505
-0.35046063365793223
-0.07209894477109152
-0.07977254447413162
0.8527587373486116
0.3248181230099493
0.05861591166865183
-0.3468804226555236
0.2467271336151863
0.3461061011364598
-0.4482835343605678
0.7196888868784639
-0.426706973543447
-0.37918762208380213
0.34104097618062124
-0.4636844581352428
0.23903112726961007
0.2776052496577761
0.6729796884049939
0.06751526037200625
0.23541951308579462
0.09588527966493603
0.47286664294895675
-0.6764200671587826
1.6033376484592425
0.028987672533192798
-0.35256117982238017
0.18052444740200507
0.9677407007812258
-0.011659019169182841
-0.34914754259100744
-0.5603566678613887
-0.7827716095376835
-0.282840769185032
0.28871223186386247
-0.682293355179094
0.0475489672127133
0.15793332818151534
-0.23359393167011566
-0.4193799670198972
0.9929840345135883
-0.1636934227971839
-0.012145690534658082
0.26767808895603096
-0.7107916005133678
-0.0245494937800686
0.25722394618048017
-0.2529257835638713
-0.14377724186015034
-0.9708081098540213
0.3963073469674957
0.13278183087282214
-0.18922934414246062
-0.19488459585471854
0.7480464519124341
-0.5347405042046316
0.11186410333814376
-1.071520223865981
1.2936719430793826
0.356440230079591
-0.030881192903992938
0.060717703142258134
0.016817517275377503
-0.07153811838649038
-0.6927548178114105
0.5009118177151887
0.5414137473721246
-0.451565572371512
-0.937124227114006
0.4627766140033571
0.3459491385681395
