0.024010730855776485
0.26952704356448176
0.3877668103986731
-0.03174663944778272
-0.30701707785078464
-0.4720976304619695
-0.9704041782344267
0.9685393531536638
-0.11543282580909309
0.3042937326052566
-0.2252288499617155
0.2530141952639418
0.4375641158513256
0.15389662291226358
0.004469571127393018
0.004355525832170248
-0.8902599068613866
-0.15709482333741023
-0.10918997837531193
-0.23797115534946855
0.030835550246673525
0.7622143099867116
0.6001804182588654
0.4196781155275817
-0.17568298998660167
1.0500788495408233
0.35537465565535953
0.44379338609517116
0.5078603310085356
0.6167087224409374
-0.7546552640137544
-0.926968042804008
-0.12299878658343288
0.5200902534977955
-0.5560470063541241
0.7160634220672248
-0.49800696635909997
0.08566241537117936
-0.5617679755114213
0.7153235176352283
-0.6689640868834354
0.5876341205686181
-0.3024938692706173
0.6832360822147852
-0.5584770893622155
1.2259027898554185
-0.3584521544947178
0.44418025077919254
0.14026972492527093
-0.0604275268460682
-0.5502636663183667
0.36528940059352044
-0.24362420925782777
0.004851372850937074
-0.16675935566962607
0.04238518016974445
-0.7203766200444769
-0.15810300487244897
-1.4703339049077657
1.2212096901887715
-0.6597573999797014
0.150042104780728
0.13080666117659417
0.1775182035580909
0.10882653354899652
-0.10085332313766855
0.5311698404480201
-0.8947406220617314
-0.2800822310427193
0.2347376768192767
0.20708408050536076
0.7414563319111899
