-0.04443303368649555
0.10683440832448465
-0.09488585994808091
-0.2614016173085183
0.6444072398882607
0.6843450373636488
-0.24484356303802277
-0.4363846897891668
0.24775249150114848
1.0333940573538085
-0.6855082678786978
0.3555718714206047
-0.03354508217782438
0.5507241160791183
0.6389289453312498
-0.2550269518464661
-0.6278162900916161
0.1064540754437591
0.23127089108364626
1.1088911682782703
-0.4663927343385204
0.1778033020266785
-0.6668916919420047
0.7335259401100753
0.1412587480304527
0.4527640038851501
-0.04775983080319193
0.7878115553257351
-0.014517526966728788
-0.2538317336682842
-0.8590281430072532
0.07062970716917225
-0.4353992399394569
0.06941229735230801
0.04095327444024634
-0.4824784710539519
-0.3824972856927561
0.05019675954916611
-0.3027652214975529
-0.7961469768974742
0.08863392464127023
0.8160879995639015
-0.3285644305548773
-0.5471551935106516
-0.6620522196600508
0.7178046024100223
-0.08527945898965811
0.4016209929991833
-0.8610747598044477
0.05013876799054556
0.09036157014626967
0.7582606427306178
0.2496134746253249
0.46537343127000685
-0.1740496730237618
0.8872939317744284
0.6252175690641324
-0.5711363927500505
-0.165562094962363
1.5380884287481977
0.9493686301738676
0.0010728838523131647
-0.12061753095584815
0.05643190750088828
-0.33338652559483756
-0.3824042460587613
0.7879813609355042
0.06848639295407077
-0.7172193303626293
-0.5870454387174896
0.020684252405480524
0.8015603994633568
