-1.0903569821451793
0.32085433826547816
-0.1850097905981309
-0.3503029402900867
0.10561861494148889
0.02605335849202392
-0.5795680500180816
-0.03362289466488204
0.1108778348652743
0.8982330794738075
0.2083534182131091
-0.08788700175081422
0.0331253586914661
0.33785830672108685
-0.10262873150814289
0.8756129196966635
0.3297241738520138
0.22190307357751543
-0.3201604874693839
0.07432630345760108
-0.46723527492003386
-0.0466630115455878
-0.9166399514388168
0.38033004129194287
-0.4110801313169764
0.1308587006896012
-0.1527950654220012
0.07454127115929332
-0.5494774175085531
1.1532844737239203
-0.7271272604470316
-0.5680246160973574
0.545871754900364
-0.1540999416953517
-0.5007885456789137
0.3556348111120792
-0.5320753167891085
0.04934459993072114
-0.2338983225903351
0.5141997875032643
-0.23922839605232682
0.4338924647877709
0.08863269550050967
0.3611093080447766
-0.2853785437879612
0.8927868568858753
-0.4914115822576778
-0.4648741895854209
0.474748887472469
0.2750975448388402
-1.3207393178686315
-0.5009925522725176
-0.11434287009156115
-0.8939338644982026
0.18503673939169327
0.6354766849407592
-0.2074666766679722
0.1791734370884625
-0.4262486548032703
1.412223806538274
-0.4772200791928522
0.18799389794788654
-0.0791587294138156
-0.00743937367975428
-0.398873418990048
0.4524987223473468
0.3358252295284587
0.2865682771916672
0.41595085928841413
-0.35659791619057907
1.4038153371503594
0.14329096794710833
