-0.7188934832525122
0.8457231037287626
-0.08900839823368431
0.2989106977599679
0.2276847702670236
0.1695102597099417
0.014922900393526076
0.3207484476700037
-0.435273983411286
0.11962505428877039
-0.4977669750266715
0.15411483513832616
0.1725169379610508
0.5290559158466996
-0.9743804551332873
-0.02168115624858729
-0.08429845576972728
-0.6695593585459134
0.37659500084464026
0.24529262071502406
0.2021392474976172
-0.10280594217828073
-0.555374939809013
0.003884723493364245
0.1927678015311872
0.6522442172816607
-0.8175065807661851
-0.23609631795832398
-1.0540896043156744
0.5509452653128746
-0.10147036633830703
0.5002665486860577
-0.23195854020865406
0.5475350891794126
-0.11631999220956542
0.024212432159064712
-0.2894782244407811
-0.01135600131639708
-0.04673347740840503
0.21351236578714802
-0.6784525377108327
0.4792412558264027
-0.5454648810689784
-0.0656702574719352
0.07031226398003862
0.8532722399771965
-0.5801605543810687
-0.5651395540532003
0.6080365499551067
-0.20585264113127072
-0.129528733217745
0.4013969788494691
-0.9830322580233173
-0.5476964100271833
-0.3536588389772964
0.3726721339431666
0.4032550353079655
0.12790803370025483
0.18069000605632535
1.4080775108673902
0.12995095775443466
0.1415976352441087
0.25459121400836693
-0.6922089593539844
-0.9915795568650205
-0.16497627803106557
-0.20229801931083705
-0.2627349795297249
-0.3912978825246967
-0.41415680316550324
0.4270191357803546
0.5880768795173863
