0.29422929969967626
0.16373023709737378
0.5999196458346903
0.6207276187014359
0.013407523015000256
0.31818297752090563
0.5476746638783966
-0.18209173736738
0.20004259669333313
0.04586900499089969
0.21941699629846578
0.030015475971916755
-0.4474949403451075
0.24068542683688302
-0.37780666190829876
0.29840775591289953
0.12830064761525756
0.3932987215937187
-0.310845078913679
-0.020096215637684572
-0.30544423596461284
0.2763229076492907
0.040029679845744015
0.060717247273300454
-0.6198874253646626
0.6030270323196798
-0.5285019865308197
0.15136431739468392
-0.35827750702989575
0.5124975084068325
0.6587897675197019
0.006605224829742989
-0.11327122683089472
0.16562793963522476
-0.4514743817288208
-0.45126265164474727
-0.04742685543941447
-0.38762664762084076
-0.20462390330819885
0.10066082567381615
-0.5036114369860738
0.7372078581225799
-0.2266182537839756
0.14870420815339733
-0.5505494861629567
0.32692852849557047
-0.23959676392813128
0.35157370720647496
-0.11117217784132209
0.41478212036347195
0.04767964330242214
-0.12326113757600518
-0.36126263898377753
0.09302775592296617
0.3780044576276458
0.3622172178941808
-0.24822528709414537
-0.5378093767779741
-0.5762523065753469
0.7558180648539379
0.34858358810832624
-0.008243755085971582
0.1038235111002876
0.23611429704803188
-0.6106907532710608
0.015537063445593774
0.0012534476085570012
0.456849713491006
-0.5541350447203691
-0.5889118994414868
0.7750036569707248
0.5388384558471231
