-0.4670566934144912
0.200541123974081
-0.16041409673939575
-0.07714181537328829
-0.18326678073007419
0.7207231827577709
0.16189753080183744
-0.18228926528733674
-0.10638795460925482
-0.7035819077863157
-0.7821108776553858
0.40747683289711495
-0.4424510186114901
0.17069095621035715
-0.3067669289299757
-0.17435615484362862
-1.0056444151517456
0.7205487532777259
-0.18614839853104267
-0.2502025939855679
0.41887864855147144
0.02158136182794773
-0.6043355413384619
0.041365184423203916
0.9576702496329
1.0124639876355153
-0.23315542609705497
0.15738600699936098
-0.6540799247381988
0.8386428194267039
0.30512485908324355
0.6521654006932828
0.5075297062644514
-0.3685200787793723
-0.28007960425385153
0.60828888612751
-0.503199273977722
0.1872694534425317
-0.08341438973274426
0.6628188512150522
-0.4117130741454889
0.4717652022963914
-0.10752190804644983
-0.3571189141097294
0.06409160838768768
0.21002549311573956
-0.4607216637640161
-0.03820011788235016
-0.1434221789606256
1.2247888781055973
-0.46927139420000036
-0.03983041878608923
0.269227170211293
-0.3591053861715725
-0.16891511270359386
0.9020131627002257
0.09607852557272155
-0.8321809794382744
-0.5991847180082068
0.992476559409873
0.8605904880919896
-0.05719653639581179
-0.003227920839544429
0.4344947854938712
-0.9308717344090504
-0.34180633840152935
-0.015701835257518698
-0.07798892887215733
0.24392328756484627
-0.32605135753081416
0.595797393413902
0.3082583652615337
