-0.7668367803647476
-0.14018613911342687
-0.18261580726403276
0.18788834847780023
0.058111436591591556
0.7252256733193176
-0.6053313045362347
-0.1921508448616213
0.016981153830097157
-0.2391364775925596
-0.5530935620564795
0.6315741055725346
0.4472057558338291
0.16467577809613
0.22006538227346972
-0.24218408283942658
-0.18628165421943324
-0.1799156941674219
-0.44169174506875863
0.07478583866339358
-1.0330866052468684
1.0962761813528998
-0.5353167254733026
0.4665946072413633
-0.34633505006684573
0.4983918248522341
-0.10390180367047164
-0.35323971511243835
-0.29874129971956614
-0.008651452392075536
-0.475757140063841
-0.6753059979284106
-0.2261811058478509
-0.27341322870946505
0.5811936991533415
0.19492555490532587
-0.7369925344687178
1.074058051696217
-0.100276746611827
0.20627278791269912
-0.7548389339693067
0.42748488276043606
-0.4956504212299897
1.6144124684747432
-0.6456354055465698
0.557642361423748
-0.5856017265104767
-0.3654795723776937
0.024659976872291933
-0.4916621320603419
-0.4436464967019585
0.7182012732874092
-0.6534938136825167
-0.6115388938812765
-0.5535648072090609
0.15867448491949726
-0.47110861155386374
-0.0670071837258791
-0.3337557258649364
0.07591076178105591
-0.2828624816615666
0.12278556266510537
0.9668623847413834
0.20183390990264036
-0.28402283624902624
-0.8382649562610927
0.5725789785842649
0.18536964602921696
-0.4164918412617082
-0.6333799167405724
1.163446487470401
0.7026847055707934
