0.06221632297207419
-0.09453828140991827
0.03405679888432895
0.44587642353768236
0.4399505529188583
-0.04631768012373988
-0.299661701988425
0.09855742602967843
-0.4896300810596319
-0.19246455724054803
-0.5767689611421625
-0.16733770990572197
-0.21089905369594478
0.4203716878812473
0.27251258065151196
-0.2534162451078957
0.07753588462880115
0.7844460735451813
0.10898979833989964
-0.21320698969117557
-0.9223238485380325
0.07186592982695203
-1.0558313020669898
0.19507445743330515
-0.4167544160274746
0.6595799069188569
-0.406659603176144
0.1396149879063469
0.3603686858248356
1.4127897412597412
0.4189420348524282
-0.824168345706695
-0.33450517773692645
-0.6239280617497849
-0.38624623925106927
0.24877505174446135
-0.1999707579371452
-0.06399970077333395
-0.5160375172541853
0.5702570171701683
-0.32816466548153245
0.3480836646050955
-0.3405287416113059
0.6591599953634745
-0.028755793829931146
1.3293041408371784
-0.8669409869829543
-0.21395047918239385
0.2071362724389499
0.27552851615959245
-0.5895851088977317
-0.1668795984186061
-0.3323493636572611
-0.021072393700035164
-0.38553086750435783
0.6630363648985205
-0.1553923240494589
0.13735119003935242
-0.7127313270963183
0.6221609212899175
0.23151276075097224
-0.42304434102508587
0.06096066506385456
0.6506613230640488
-0.10563387322961924
0.02897903775389382
0.020291162726312817
0.7955239357807273
-0.2312284652065239
-0.23824883372130046
0.2717716959352714
1.346532158326337
