-0.6242847523395872
0.23981668474264775
-0.5980474939818872
0.671627535098659
0.35386320552054323
0.6061067594756826
0.5071661040676342
1.4018089528479365
0.13839077115732445
0.47820083241938166
-0.7900038764169537
0.0473128111749197
-0.10984034247736578
0.025945828906679347
-0.4173745297850563
0.10947116415090175
0.5794207674836709
0.1156460062462853
0.49956745039883405
-0.20414081638402085
0.1183538318248831
0.1890824249013549
-0.01172603206008438
0.9725772957311907
0.0686128547229118
0.4053880759990721
-0.05715082867491582
-0.18957962526439942
0.6640308356701887
0.9197102667760156
0.3598347137889135
0.6713238136204389
-0.6976513091005007
0.1311940700902491
-0.3890495589647601
-0.23268194968865435
0.61241591319417
-0.3809818269977261
-0.8494311379916014
-0.2140101388320565
-0.5154430383648723
-0.06803228348863471
-1.1728505493546286
0.2589221291928281
-0.4399551325812446
1.123706521068989
-0.4778070724378253
-0.5038700418649101
0.1796537365196902
-0.14102919137986875
-0.4657950682865656
1.745049817539685
0.1686193565674628
0.8553350146763348
-0.4914198430766701
0.2546966494358021
-0.058704643475735424
0.4244212246274404
-0.4967109811348277
1.1075733162402561
0.5588559910955021
-0.09862162566410242
-0.5019435960044771
0.4618405046933589
-0.09045512034802711
0.13783151463586796
0.5791260032876031
0.5804208001019799
-0.660983238425398
-0.5120242264023092
0.9748200170258681
0.20193684108519422
