-0.004997515652982426
0.361096326892951
-0.2599249917638282
0.5055249288398693
0.3156298209814599
-0.2571280807892159
0.3329297629777978
0.4938514349897275
-0.24353218888083106
0.66523238300515
0.5471669712504202
0.4459820421125365
0.24828550462546423
0.22605709803254226
-0.08237747508140658
0.046896113496780634
-0.5593270147137301
0.3558697508922244
-0.35575174178582253
0.32088453924629945
-0.7547560870113442
0.7962295030199069
-0.432434705454343
0.9100447220934025
-0.203827664935943
0.7151722418342255
0.10540676004142982
0.10987284087881634
0.4644006114069757
0.8165086969052704
-0.22352983697172818
-0.23973408336842086
0.06625070429592024
-0.18577784798442615
0.09375730140681436
-0.22280667757068662
0.2187321668533457
-0.14690164941979525
-0.4133769375709278
-0.18077277516886547
-0.959524049782242
-0.22776072927115798
-0.12555393245138416
0.24097665160398912
-0.6102731353992965
0.7559932875135426
-0.636594371580756
-0.355405685935413
-0.4114788054908946
-0.016309680174709296
0.45835367103470065
0.5072270745641749
-0.06990616141363648
0.3248220321850706
-0.45434284075402376
0.7059865230362925
-0.6778378921668562
0.1306205528134033
0.36073623833275203
0.6337917464093444
-0.19957285067129443
-0.403957869638
-0.28004166225261845
-0.42738967859477106
0.07095638304147556
-0.35074656239217705
0.5591802607963188
0.1646228768544815
-0.26356755129364284
-0.0027793848151853595
0.5189793546341724
0.9723927410250024
