-0.13451963744892176
-0.03150984323846513
0.12831780429130674
-0.15639490563818786
0.3386524039115143
-0.2660534169808834
0.1553827788818706
-0.006932973873905401
-0.4769154840121678
0.05962762662788426
-0.9191888315777077
0.4552507211734797
-0.3370650170416043
0.19786662439676403
0.1853199765898617
-0.2710012583553995
-0.6962067108332959
0.11569144319094093
-0.22118345754972077
0.07266505260004694
-1.012918194193121
0.45081276401763654
-0.11376864323423438
0.24796102767760675
-0.3089940613763314
0.6389372816516097
0.149724362709293
-0.3419567943095176
-0.519627973556847
0.4405589757828456
-0.19661564444367846
0.21554746442055647
-0.33721729918596133
0.05602315751886178
-0.1427282706048475
-0.3045897277248311
-0.7289293490996824
-0.13361408952543652
-0.8296993840958915
0.2689047726657205
-0.4511209567504408
1.2184461566261744
-0.9880661826236108
0.9752964353733091
-0.8115910882542487
1.1888258524751913
0.21733821000729311
-0.46333027779365543
0.10559881753684847
-0.10631737141121056
-0.550970713950735
0.5818657379976043
-0.19295943945364363
0.04895304780951676
-0.06437270648206753
0.5129170017064969
-0.5503535323073047
0.14530879033277921
-0.6470978630830817
1.1083429807747607
0.7571475333871809
0.23151239819098107
-0.355942109617143
0.33839050212165533
0.15045936236076177
-0.6943191312319561
0.9594205900952626
0.7392837086756872
-1.044976684879314
-0.705828828915777
0.2267263156444391
-0.020285343303924674
