-0.755125445329093
0.5090154273714528
-0.1976045745226313
-0.2117406612835814
-0.18039969438115208
-0.3190118092355654
0.10812664312338223
0.2660451117767519
-0.49736978823288647
-0.13742012086239588
0.43271893273630935
-0.07555429880577674
0.21581742333833276
0.5749385102383808
0.3254876156777465
0.4856675099433475
0.1366127620158738
-0.4372232251643841
0.39174916392792675
-0.19279940598165474
0.5108963433890912
0.3857083400977282
-0.28352506395695265
0.20192107031303064
-0.13651801849108464
1.0598560118170721
-1.1835966349476164
-0.011013435983587897
0.30118504118578293
0.5823658327442172
-0.461599251817268
0.46364404381947993
0.3559947703342387
-0.022192656165888516
0.3233475388262115
0.09463916128278381
0.03741684575266002
0.0937985523151515
-0.7736224937721875
-0.4583772992623909
-0.34339644029553096
0.48150215196455826
-0.3665494207432773
-0.21431272469983578
-0.5060648100199245
0.3411165860529972
-0.09248445162807897
-0.004884444451018655
-0.3005819669644506
-0.07082577193758897
-0.6685514783303605
0.25215118580361173
-0.5478147935513167
-1.14671193060886
-0.001793395608248649
0.7621008626995402
-0.9200410708489364
0.23366169666994552
-1.2109818581897147
1.519963738182838
0.02809684412193874
0.24994468496555947
0.4502426312849612
-0.09931156893990693
-0.043333894663029934
-0.24307224573922886
0.2526539804741638
0.22460523568886828
-0.753187181352792
-0.4090391813393478
0.8736787287711443
0.10035022957494306
