-0.29373837123332086
1.2918911624196099
-0.1108510743745543
0.3403098562265354
0.13277693503187382
0.28284525921087095
-0.10052541748185718
0.8347170720838926
0.9646801773392976
1.1861080909973276
0.15918464554250134
-0.26185588120207837
0.32370636698588
0.5277570359546135
-0.24700162210586485
-1.1117341940267054
-0.24199540364049538
0.17137275957061376
0.6114934083439756
0.2968614471921194
-0.06965243004883653
0.4206966086367534
0.1914612343660486
0.6423120075204164
0.005915510908083177
0.13687801708436026
-0.738677998911864
0.4732129590485219
-0.8305006071810216
-0.3751621882207186
-0.3710732175285334
0.1653202082267191
-0.7094723158649165
-0.03229274544954844
0.1864930220283847
0.8336310778101859
-0.7595200183802348
-0.054261115890668066
0.18965379515316488
0.6782346311435822
0.24738102111776025
0.3798460869094757
-0.4761055083545097
0.8494628337827624
-0.5638429304860929
0.7206534995610612
-0.26801620477776966
0.3611728719237903
0.3629582269399534
0.12891874404374842
0.164712747574586
0.5119605173260939
0.65407433907751
-0.5307802410070483
-0.4314078279878861
-0.12644824656453144
-0.15791565764624846
-0.4422008582652344
-0.17915305742606263
0.5482601543761012
0.050789963407180866
0.0006137054348479554
-0.46377200644771777
0.03172161718180387
-0.10422707061121587
-0.4160596467984831
-0.4810305024892317
0.7746592311183498
-0.5975314645473637
-1.4361140708832496
0.8654781441911361
0.6598324010910342
