-0.761041841823336
0.8516698298966676
0.3247079088096859
0.22374445529003817
-0.09474943803602226
1.1926300104083856
-0.4019214857755117
0.33006875341292324
0.25510125146907847
-0.37730680380002646
1.2659311455551778
-0.06433203732660855
0.4042505373495449
-0.27334447449876315
-0.12508025774445047
0.004260677963708673
-0.40828224543247205
-0.05595261125086519
-1.2246516237070446
0.707336152402261
-0.15368846713237497
1.431067985670226
-0.4546856060794308
0.9610426281691998
-0.6727168047872524
0.23839878046988724
-0.49841037771817337
0.41600410553593253
-0.9709328869230469
-0.1268609768503514
-0.4918018855281693
-0.5748114057127044
-0.46695413714192385
0.5825988705967575
0.1076403561007585
0.714334423206403
-0.7280443032951204
0.006113532020944223
-0.4362388343197255
0.5883916324465127
0.02523758276428062
1.033615197149556
-0.42098278301381553
0.15286165412351654
0.06882784369560135
-0.3772839291554829
-0.23209762009787854
0.022863539553263264
0.04322614403654279
-0.7544998958368822
0.30178755081837755
0.20383318126735325
-0.8013053621269925
-0.06260510217411813
-0.28736050266733165
0.8003508989425827
0.10545296521543729
0.43608924595450616
0.3598993535945273
1.0663276282167342
0.5601423972647956
-0.14067864554732287
0.8932047129307235
0.3050132497251418
0.08876977107849499
-0.06770600157296436
0.384661175022249
-0.42701762724106385
-0.203177272279354
-0.6703486239578257
0.482043804080893
0.44437717326716475
