0.20934454697095492
0.36755979570322095
-0.25471198876626233
-0.6538011751056342
-0.004134103068237416
0.013547885515600253
-0.603146152541728
-0.2027829104945496
-0.2481500709440979
-0.3879257221920859
0.6828472930917422
0.385923947515022
0.2973778906720463
-0.36259385301338204
-0.6839900252925091
0.11270464538559474
-1.245016926809968
0.12959471366481468
0.7480535780048769
0.7249237168420222
0.11467012777160482
0.7536687892760068
0.3888409730817117
0.7765088891862193
0.11740748738372148
0.5988771798285522
-0.23181407931980508
0.1652248340180772
-0.07127855392854099
0.3909401183134733
-0.3866297668990113
-0.33096683586088194
-0.3635197232621007
0.12908970976906722
-0.6301160583555501
-0.002458946185113692
-0.04389224510370199
0.6001799956834319
-0.23148201496298798
0.09750502123199142
-0.08814806721479512
0.585594149463734
-0.38101841269101044
0.30490788659688717
-0.22919674043161473
0.15507959663135945
-0.06010367727625787
0.33900679117130267
-0.6164462303273783
-0.21993672346570614
-0.19308454458362323
0.15459457099124602
-0.2667740460059351
0.3742530833822583
-0.6246791553950855
1.052230206696106
-0.7164905172053543
-0.13651975420131993
-0.0827856903674623
0.10808492157689359
0.6805216532964069
-0.4501262702294217
0.16434983406021597
0.49605934040138266
0.13500862237314007
-0.587222512359323
0.2656760017404458
-0.15614130782660787
-1.0911514208619837
-0.9286743281590051
-0.35130662491438064
0.8414171913052708
