0.2117398488079116
0.20345497912161498
-0.35877302564828395
0.35591454089685937
0.07775154599783261
0.8803422184078071
0.03745710551304626
-0.7912706820277023
0.7832681488392368
0.16050892995443777
0.010629882051889927
0.134358832928692
-0.45131349787962755
0.0927227106108765
-0.1417459156829937
-0.48351473347633817
-0.2155813843261637
0.19240705835843108
-0.2963076007707119
0.35735220910237986
0.360095310181333
0.45783025687985224
-0.37275581096264415
1.0416541225614453
-0.6217026349304551
1.3774279505760993
-0.8000753419712838
-0.2607375322621236
0.093867609600768
0.6843834184291832
0.033923163234341976
-0.7885208320745338
-0.13836784654708725
-0.27966526256963453
-0.0493272723876152
0.22862779591923188
-0.7230116147107497
-0.13514812618332148
0.12258855637697716
0.5447662330677648
-0.6471735610545635
0.9671878720704081
-0.49765034360920374
0.04839293577850441
0.14903040345756263
0.37795976541882315
-0.48036700726565423
-0.0019969528926020996
-0.6621545375681182
0.3114617834718276
-0.01654413261281581
0.4751908403824828
-0.21267816448957946
-0.0018613087380213722
-0.18188234539098574
-0.2665412509724818
-0.05619813797228166
-0.38095717559725034
-0.6899231447583487
0.9005934985283202
-0.16665056866797712
0.555051611742193
-0.004343511369047648
-0.19732684236563106
0.2472243354178624
-0.11129068056140701
0.15628120604458723
0.17023976877396588
-0.15088410582755896
-0.4480503172559587
1.221540705539244
0.014108386276043133
