-0.514907744247646
-0.11565951916752547
-0.32099841152595077
0.6949120430171408
-0.03201657904051852
0.9787826449912846
-1.0062434649479934
0.29223737514522896
0.2067874735591137
0.7821048503595778
-0.22715248958082868
0.6079939162268473
-0.40790875787209324
0.7777633669388292
0.01915342797097571
0.5565215974096019
-0.5917921894318093
0.25732778293334757
-0.5236097431667404
-0.8236310930314348
0.27567528009572817
0.40786403075899025
0.5834021705407402
0.6171836673311644
-0.8978129321247469
0.4474766049879917
-0.40584532969848186
0.09352308741711376
0.06014290380589371
1.0708592372869485
-0.11047131457364728
0.3558283356026683
0.16663824648359413
0.47167265053512236
0.0359454021499272
0.5538666360720945
-0.8119914877746042
0.21583892866580828
-0.22025958461770823
0.9266250752498664
-0.42620651513938945
0.5440125742913609
-0.16884747146985146
0.5629740863044659
-0.3965248310330564
0.5596062641368392
-0.7789758118995096
0.5683621226486717
-0.47478856376313117
-0.29265019740480075
-0.02526847756211504
0.6179339638778977
-0.7337794251930082
-0.36573173845362367
-0.2932442673547021
-0.17523401294779198
0.04035782155077616
-0.7901160443492087
-0.7296794677142854
-0.05931789193681631
0.24562545118923174
0.1944227023948029
-0.5599097454191683
-0.3676846518650804
-0.41536415206438787
-0.4657439633957786
-0.11694679435941199
0.36234809419774583
-0.7239863995890503
-0.2796330921588441
0.779301582414925
-0.11769204230480217
