-0.656111713966333
0.6619504199575947
-0.19435050005796928
-0.8171078900605663
-0.2732589842882731
-0.4265077241733585
0.4449613199676927
0.8066631598469294
-0.03786641235082605
0.26327231673396634
-0.1630436480737386
0.3450758275611032
0.7978086230646104
0.3323454864656323
-0.03847436053131431
-0.3091167256649386
-0.458664259642134
-0.31745027935059494
-0.4855393479349135
-0.07345379474604319
-0.5531157273496372
0.14547771227888778
-0.2691982356282477
-0.2325333169874023
-0.41492850297549877
1.0966366226871056
-0.2567740350973228
0.2849327562909275
-0.14752465001759635
-0.17422329322086796
-0.07021577339853474
-0.5290483120290574
-0.5786854060507005
-0.3624480006706721
-0.2762600152315099
-0.19260451810471618
-0.8289362097603559
0.5567324517640247
-0.2827437924934846
-0.4673451780551107
-0.265392830943072
0.2440579991138687
-0.37584768418518155
-0.6058556356954014
-0.6528492322023542
0.827700876404126
-0.16477109158864803
-0.37526207244664606
0.2731127930612466
0.06327538807770729
0.007338815156677364
0.2582026072876
-0.6422973282588567
-0.26925007511529997
-0.42028660692100317
0.28650180739126174
-0.7402051281526162
-0.5323013221165019
-0.6989442236848673
0.9529194568993065
0.688961037171284
0.6524064752352116
-0.23919971035647525
-0.4065982751651507
-1.0972611874493443
-0.37815872736329026
0.9022967695629435
-0.38931311274450653
-0.8001981038169874
-0.5999971185338139
0.9028292716146795
0.7930002884594523
