-0.10346614848961685
-0.17747536033626132
-0.7960834934512149
-0.22745101061092898
-0.3973782817119556
0.7811744517118102
-0.6201076609206746
-0.004148835517644445
0.6535740349282347
-0.2896875902617675
-0.8810366160518779
-0.29278121944355606
-0.5166239174581819
0.20556769923406115
-0.6860451897283777
-0.23446224631404658
-0.27558758798633054
-0.19317767572453381
-0.24154240609999597
0.22189270329840763
-0.486898990705452
-0.2955555903270255
-0.03757619134910279
0.8465363358545444
-0.7547225367541781
0.977243877293962
-0.9562603029688335
0.6245438055332898
-0.26429977345818734
0.27989847711547056
-0.09728548056551109
0.04181283738743716
-0.026385518709395414
0.5326871859430744
-0.033728169647369556
0.44279437738605715
-1.1709304603233082
-0.8613422219296549
-0.5515212639382214
0.6463834314723087
-0.3450373669235982
-0.10921306302698758
-0.5705079046524894
0.7932995520979518
-0.6236198710464989
1.0725225744005016
-0.03194131963930921
-0.2850587117864136
-0.27463234862806707
0.24550271099128612
0.027403431976644896
-0.33944189605328756
-0.33036159984360824
-0.42939059000796465
-1.2701117189709106
0.021343563059697507
0.05250046972245243
-0.3772391126597706
0.37846594938672407
0.9984916970103851
-0.27649884328965263
-0.07339756480539317
-0.9693314434844144
-0.7020287870502071
0.44328949053559297
0.256423465535107
-0.029004851302627838
0.12524557217687238
-0.025329665575047455
-0.8570333589119232
0.21531615909929416
-0.24911570802166746
