-0.16913536085107161
0.715586688060877
-0.5681785875636067
-0.3039337987952312
0.18698187193609012
0.5698412974294697
-0.2731505038870157
-0.7800932479653102
0.24908317196435853
-0.6284533708438507
0.355376731351798
-0.4424662666082778
-0.2012122018599451
-0.2489661005145242
0.5090347334720255
0.48590604205147064
-0.12757464392333978
0.059459802348318325
-0.26718306586560114
0.18088215332622995
-0.5845033878279027
-0.6742635650138604
-0.06442711905056575
0.053205590950753945
-0.7028838433509101
0.3865451290003849
0.3038300252806076
0.7066626113176863
-0.7669624608847287
1.245260639107512
0.39093537714981486
-0.5460983104533523
0.23828035016451055
0.4290045583171101
0.3567244053458639
0.3927177814711631
-0.5653263141602933
0.293682579017253
-0.9669281640755877
0.3118179089529587
-0.7116052215171398
-0.38318542666621874
0.1248234110161815
0.5315219402578445
-0.5696160324869664
0.5665110714644093
-0.7354897817029614
-0.22499774870403255
0.06403435370345459
0.17941574614154432
0.01478345494031949
-0.20851197611494116
0.021766256876663906
-0.3138921012554432
0.26104695747066603
0.5506499341418898
-0.08264163474257374
0.5088996764125459
-0.9879484049226441
0.5169254766998354
0.2713472181379557
0.11499771893303598
-0.17150955967710516
0.2291699276654932
-0.27021067094328366
-0.5297075672068141
0.2723314224247207
0.12631496553778837
-0.5343960769118166
-0.31932338408541305
0.44657827146692064
0.052560639503479334
