-0.653906244584704
-0.09692004213088404
-0.37476712586989247
0.3231038251925891
-0.4726910356570029
0.1273117689505865
-0.931354978223891
0.38745231999337204
-0.23061295368601198
0.8168843338523282
-0.7143665520708486
-0.11880352441933742
0.16876284780769074
0.355900830491541
0.1876545735940238
0.37274076946490964
-0.16658528922807386
0.6611401494903157
0.14482769665237966
0.12918715124449998
0.05615566089978008
0.11926884693080535
-0.04926078007093917
0.7706893510635265
-0.8023375179322131
0.5083488603128726
-0.4603651685412642
0.12076359765844906
0.39803775863213375
1.3051829666189547
0.5422751425861715
-0.6000868425203136
0.04241319019111005
-0.06645535392830018
-0.35379708947172805
0.07746353680983156
-0.23636231757905438
0.17332434591607693
0.48018510927433605
0.7767179969113562
-0.512042082368387
0.014571902526167912
-0.3612396512493013
0.6014577281854759
-0.20666428204703557
0.5244113083306343
0.0033763158306337766
-0.566770154749545
0.8120361488898977
0.032089433725310104
0.18745508136610417
-0.5557889873771311
-0.4916715919486926
0.1749467271105261
-0.370833253270505
0.5538269899201684
0.17014257607824104
0.5147743528866978
-0.5449750938710164
1.0250118503360226
0.43180175870606297
-1.200915518530955
-0.13130815420245245
-0.005979746773065009
-0.2015441551850609
-0.2832518570703011
0.7816079850742326
0.104700764482311
-0.5436512041747732
-0.35343445128251705
1.5302478287239407
0.3427927543413721
