-0.26110347672474504
-0.23785215733894877
-0.6708696576994757
0.137285397813934
-0.2570433077591154
0.5752345618157623
-0.026360882438785427
-0.537338012274089
-0.49309961654161844
0.573515682407217
-0.27655666117690775
0.7919974419698774
0.035780619334726316
-0.1280311492570118
-0.543365383583346
-0.04572088159846152
-0.8726415210657696
0.3958128319325924
-0.47586576564623173
-0.24660772224148214
0.5409489620821388
0.3738392111650082
-0.861580558995711
0.4573939517938138
0.8529532338962027
0.7468300697707221
-0.11939665537894129
0.5114890294282028
0.24306143636431887
0.3460759908098002
-0.031335448975704394
0.12991859790448074
-0.9851500205490807
-0.20012468791678117
0.03754671368847971
-0.06303789823917799
0.42779322121282254
1.109797181303816
-0.356180349900661
0.21242668827884525
-0.8122517354607747
0.5259860351195761
-0.36825334858959424
0.49635312421316713
-0.5564953206035788
0.7718289187347548
-0.5071091795671264
-0.14461406921522313
0.3889117279367095
0.1370236049746495
-0.4506608858081294
0.2932161758086307
-0.36502032143896274
0.06093365545458013
0.12182827062232418
0.4939260020981495
-0.5978730943246465
-0.632787789024573
-0.9002016384123297
1.1411670867477217
0.7593934302618814
0.19912897746627148
0.44939543776357205
-0.9365964069774928
-0.3422263315944715
-0.4737586952599395
-0.015635123558509184
0.4135813960824833
-0.9221789293555002
-0.8049154839730499
1.144097942733527
-0.10479152221442797
