-0.5565479736709723
-0.530387739885264
-0.4300236353385656
-0.4905614893558421
0.2749697103987152
0.2296854030012388
-1.067239045104667
0.4538854192883577
0.5046031479965665
0.39851659792642397
-0.9965338701832492
-0.42921139378664697
0.18839767648851918
-0.11147962426213989
-0.0121049274913555
-0.06676794841918686
0.12588491742254415
-0.05956996307679631
-0.16775106183823846
0.5924058677781661
0.17669629571170004
-0.027158026748167974
-0.7284799659780942
0.9099147180547041
0.11556788888511377
0.9857609125205675
0.14834158952403126
0.17032822784435578
-0.5867070221247218
0.11038889637562495
-0.6324600127784586
0.2003246407485691
0.14052641615492362
-0.27732918724651723
-0.12238945884704602
0.9197281322456479
-0.8450818587355075
-0.376806296911263
-0.2981789887224854
0.23342234298927741
-0.1953416955470465
0.5176283482756185
0.2675356524957066
0.9156765862148684
-0.1758536649628511
1.4514309217817924
-0.5480783956413984
-0.5946560362206661
0.07711553489546047
-1.1383477231396613
0.28248976233326095
-0.2864659553941135
-0.8416013234772679
-0.0874126971191181
-0.25428019977773964
-0.3295778083648943
-0.3967102698370162
-0.07069668496771359
-0.3587053106106234
1.2775504600466208
-0.07810039611913708
-0.22770993558808045
-0.13362777631796308
0.5102647655365231
-0.43207792178788257
0.15759217944751772
0.8373214748052964
-0.21794893712781932
-0.44895622951896724
-0.7066253801812777
-0.2483930124459302
0.7345704037032016
