-1.012282889260597
-0.022004781068588348
-0.09668702062983581
-0.17248318591110323
0.27486107867337667
-0.06983270407546127
-0.4421649845738651
-0.5194676360902879
-0.3358068248278174
0.31672948042960336
0.061691752770850095
0.2528346744569471
0.28440197239842446
0.5080891341957793
-0.21769585654808848
0.16528960090241934
-0.05825260499704257
0.6518278352381629
-0.1874104691996909
1.0283247576276004
-0.2409730732084071
0.38415195012936615
0.13229632067034897
0.7456755920899429
0.12914626736242552
0.4355212808270143
-1.2252929914765238
0.2806675083474123
0.17161319325804425
1.2326640886849094
-0.8076573751712839
0.4269386538024889
-0.08735460269246612
0.9208829543439823
-0.09423229643342741
-0.06748351515337661
-0.21581976637942546
0.4315150125459794
-0.634318363722946
0.5818695308321102
-1.1260979862974445
0.30982397600846745
-0.5216427010439812
0.5342308467707021
-0.20726385661220764
1.140741975469964
-0.7128965766624157
-0.07265655548427741
-0.544522391974261
0.7056178179661584
0.7215423551100792
0.327885915450129
-0.31233529262792065
-0.527298703649335
0.0009625941439528399
1.1762396373971435
-0.12975950515214055
-0.3478667822681338
0.25196350278336477
-0.0035522629092459845
0.6228625271986974
-0.2764030499541429
0.3471116682346014
0.2308796057941638
-0.4893920369215651
-0.03465410564370197
-0.059490624831359126
0.20457630944616206
-0.17160615034052382
-0.31933046930589004
0.21912594871707375
0.6925837407666275
