0.06873819035014753
0.0518284981814245
-0.421143492790388
0.3366993012495668
-0.20030326091195105
0.09884940498489869
-0.7277244504670496
0.21269876795642995
-0.7922376413654499
0.6903546170046946
0.26338887633240304
0.025985030293459332
0.5252311227257042
-0.36507459465756037
0.0018150202650667469
-0.16660407921022385
-0.41167317616970805
-0.3765219711678818
-0.3196173508285594
0.16687217616404593
-0.00440321955879687
0.39556493602654846
-1.830649831977247
0.33803400238677456
-1.0387881971002817
0.539697977273589
-0.21782107442569285
0.4812767157731874
-0.32437292850804433
0.17692357972464942
-0.4574590158030586
0.03531552648775582
-0.21497352027744668
-0.0013989323970409473
-0.3775966884933434
1.5373962945445485
-0.30106669679810094
-0.5507535014742132
-0.4804097403929879
0.5796972357712868
-0.5695295012088597
0.35781812733690843
-0.33576995287260164
1.050381330542654
-0.5555782155074933
1.0831622584657818
0.5519227741932937
0.008740303691449097
0.6485942034625366
0.08175025164227638
-0.0473015154719475
0.42654447251385363
0.6048680917026522
0.21125493463259104
-0.7990437149485202
0.00927135250046816
-0.5682862714756389
0.32998872643328936
-0.8525082198826962
0.25736753757048697
0.19905280407457196
-0.10017887179374463
-0.5997291953297688
-0.1033936809806833
0.7409429514610593
-0.16261334506727473
-0.5766665164303248
0.1017061616993716
0.8378548970568247
-0.13363254339842368
0.30999222238394863
-0.2919116016031183
