0.40907148100596535
-0.06269751341945695
0.14402555059383265
-0.4691532323587929
-0.12094892489146014
-0.32113248501647707
-0.150843335544946
-0.4844669340309193
-0.36666907873824184
0.6457843168896954
0.30835283809955455
-0.08608335883659218
-0.1619363685187846
-0.11302240007249742
-0.09355997641577243
-0.2174136992585694
-0.24148816613583102
0.21168903820936374
0.4133644506241997
-0.3049487411936128
-0.21685829376126858
0.279433150895184
-0.04846975946574611
0.655393398067389
-0.2607850317492209
0.6801784272927057
0.0874786488099466
-0.05864771900950794
-1.0288780962457913
0.2073671157275536
-0.16029650341701604
-0.3433303304314307
-0.07913016874762474
0.3464868270247749
0.28088148955417014
1.0337037950357149
-0.24193314752432513
0.6315793625569017
0.017223242977333297
0.1277003562114717
-0.9464699143077558
0.5337816983036985
-0.2826681247374839
0.4036364614457982
-0.08240201372362432
-0.15597969783953025
-0.10968482361217202
0.5496235434346968
0.4292952107170924
-0.5497659975740934
0.026287429355305703
0.45914978688200764
-0.7083551234805772
-0.18781226044313898
-0.268666168342815
0.911341185490387
0.15721198631559719
0.027697580537195482
-0.45713710936330826
0.9055717233611763
0.05992890507064265
0.07343888442926128
0.0512338739711997
-0.056984229706683404
0.12476696356346059
-0.30262167653348004
0.8875756865829197
0.004384601612028666
-0.5526290757978771
-0.06686583681179835
0.3761715958552788
0.3089016263964808
