0.012824171059632523
-0.038732475245847026
-0.11256771224741703
0.7071244561641661
0.5269445022140128
0.4892450287974136
-0.7881243057134412
1.2584060237178074
-0.6777553664883706
0.6299292922758304
0.29313105000478634
-0.6811065007669741
0.5043629683556304
0.33646183088925014
0.2329808209505066
-0.37323093002224267
-0.06453672952768758
0.6928804245850465
-0.16552247437922835
-0.16828991939672955
-0.004202213594583948
0.2435428103225506
-0.23196560339346073
0.3402795291362652
-0.30148615908346654
-0.7456888266575605
-0.4546240880834612
0.36493021038889895
-0.3986645490771562
0.4986607878912374
-0.33483675450922407
0.5185687900796765
-0.36330960024842973
0.11772289689818326
-0.4387354704843638
-0.046301958692690603
0.4393732365583667
0.2707821896373799
-0.3131782803915383
0.4439363674960201
-0.13903668125178498
-0.12980474873417921
0.22156000465264244
1.1085506140245247
-0.39498474938886924
0.68400734501321
-1.4245058275983382
-0.7137591134998232
-0.06187300640963109
-0.7064772640131769
0.3839941733154992
0.5951615186732282
-0.32710817975306006
-0.38211974307746344
-0.4005896960541695
0.09438972767954747
-1.0090767111965384
0.16611558299191304
-0.43888132033632005
1.1071790656367064
-0.37858151350878694
0.5958351125439523
-0.20067207041270568
-0.16303692514367543
-1.1264515607294114
-0.7737967620141142
0.026917219403956444
0.588826650580884
-0.5819917948029758
-0.5355155977861722
1.1391588747576922
0.9964570380007687
