0.03586115043483992
0.26768096174477274
-0.5386546226500459
0.4787741168782042
0.16906783865784286
1.2501774085739759
0.24545537096329353
-0.05149932644459062
0.6169316892521943
-0.08630781021412637
-0.3529841678179945
-0.172488218901277
0.30182859690444963
-0.22281245607363848
-0.20954210050642255
0.22106421377409002
-0.4627322376908276
0.43668745367040807
0.4359237960303113
0.019204082121231286
-0.5066503927169761
-0.11027751015134307
-0.2103372111427547
0.4722510482581157
-0.19863973114905095
0.6660817591852755
0.002595145434895904
0.19926533414800493
-0.5254986728011704
0.4578856507603019
-0.737491830115544
-0.3174013893144515
-0.07735457263962786
0.053033171230132084
-0.3569113104594108
0.4487302055766209
-0.3472841735407025
0.4430090663398226
-0.5159033370704775
1.0260677975097152
-0.4943078746854621
0.011637188485227934
-0.34588593671538315
0.4304465386471812
-0.47895145342798706
-0.09615155479924803
-0.09890992367339299
-0.5520866118605601
0.5990152448454399
0.13757817977530462
-0.19734075695637998
1.8401621158142718
0.2390973872702918
-0.4607174499338307
-0.7346616699817683
0.88910618878849
-0.8061266285906118
0.16223161832833266
-0.39375949514501607
0.6737961725819152
-0.15668988112862403
-0.1663186370010754
0.3696872502831189
0.4155298172888226
0.1905398316066158
0.034543019501456496
0.45342714059436884
0.575468303634816
-0.5444439265793806
-0.1949117980418196
1.4691613287701413
-0.21825100967306632
