-0.11879919535045953
0.2586683966382439
-0.3564094921340756
0.010061072195280248
-0.02634663585784941
-0.059721681059837495
-0.4933779565560077
-0.01596819153462864
0.01934768369372364
0.7670558338749481
-0.6872536600425713
0.41318158626802837
-0.27180479628237725
-0.13952346735105767
-0.253004162912277
0.2914994884574005
-0.19641719735009833
0.34695018420755963
0.27907530134251857
0.6179420852524815
0.27811236245887033
0.436685479995797
-0.3376003263138154
0.10181255646858971
-0.03063556750644869
0.6353383678259008
-0.3953922020608231
-0.1524572436071855
-0.14989417785178602
0.7442209977907763
-0.16248584438047867
-0.3571853463543967
-0.5977003693770385
-0.13339686684533889
0.10242457705494562
0.8942065666617595
0.03481587320740895
-0.021531393400747986
-0.09152518850027441
0.5744681213831084
-0.5192042392756308
0.7340042372521665
0.2780955172850575
0.3036072344959652
-0.6603687522941581
1.3123833268306124
-0.45517140418599533
0.04623270130954302
0.12781434436437117
0.6207796842316649
0.0733248910691019
0.5924232248041358
0.2633426754944772
-0.06349010534416027
-0.12838646020131556
0.2550102181462894
-0.05368588696479823
-0.19942391858303846
-0.46212404208688995
0.1376600238698612
-0.008929225238267283
0.07847181298448318
-0.0565977658941243
0.14362751796727424
-0.7408658216426084
-0.7520814076775316
0.6216933759261707
0.24462651493283913
-0.9849605245382004
-0.6256858664394654
0.22639321635136442
1.7230427778384356
