-1.0741243858120746
0.36250824757847
-0.17142128440619858
-0.6980314538291447
0.2084198784344467
0.4123703208010676
-0.2991453141172719
0.08377639968653583
0.07085200685890977
0.7007438605193899
-0.31207071022285365
0.4984080249850782
-0.23794989694603258
-0.0333457799725837
-0.45129170630485166
0.4474603966626489
0.4293259358654098
0.6252819891267682
-0.39824789370177605
0.8892938605107159
-0.1590137798680604
-0.37599385720332834
0.0119730728891137
0.51196704473151
0.011544596012047513
0.5306627275886612
0.04783797729367714
0.5539007792139987
0.08422572830468672
0.898641764685878
-0.6898029976282034
0.03221858844037806
0.4306955427864272
0.6118612528871225
-0.36160502365137864
0.2171264677514682
-0.28910375070869343
0.13605327896777095
0.19216433444078848
-0.44879148026601656
-0.4680656050793743
-0.33544562449975934
-0.5892213145546519
0.5354662748067371
-0.3552362710387066
0.6945917425532286
-0.05782236928016292
0.46514368771645664
0.2971954167156845
-0.4295566414710679
-0.61662908798363
0.74298951190362
0.18008514195186154
0.22539323716062054
-0.46019233194938397
0.24932027843939827
0.3853028769632432
0.31969075370086053
-0.6174891667012922
0.2964562768792805
0.05881804690908794
-0.18285464527135226
0.2030129914903028
0.6626082770412753
-0.26017468036631747
-0.4718174102055954
0.4330388129699081
0.7387959130435671
-0.9575898447763699
-0.7195039406834631
1.2212509354738859
0.3666106257434305
