0.08440630948258768
0.3710905459963765
-0.2858844111930208
-0.3808766584094921
-0.5488491068527588
0.5208930628825008
-0.0759418618782861
-1.1112757205204649
0.0052469140118219515
0.6865482535930036
-0.6205731952976039
-0.16408001251915458
0.31246631214638454
0.12389392164802743
0.4036861139724818
0.059046513749144366
-0.5486124034607658
0.05857593158954383
0.029598589964911146
1.0082706771145147
-0.2701943302524079
0.5855293089957613
0.13449719818802416
0.7702106792152549
0.32624209704974083
0.913537399532723
0.019599866265164467
-0.40074342597807894
-0.41744625253540857
0.519130725883928
-0.07588597211767587
-0.31312424118935767
-0.5325060378547661
0.5102493221735831
0.5940954702061951
-0.09238632098163982
0.30647089360691204
0.5976814422214306
-0.6977482033308474
0.29861110381322176
-0.5228028823834625
-0.20884876149119053
-0.0012709309969954619
0.9712167017622882
-0.3861160558876744
0.6574172636592722
0.10868650253896261
-0.3809875471068824
-0.2275504658815259
0.359497674415923
0.8138374759933353
0.7610019547678705
-0.14178295120360945
-0.02799405696318144
0.2897496461707028
1.1261473439484702
-0.03881196638633694
-0.9572876954798509
-0.31112081435325634
0.5020736327287183
0.25294475181891996
-0.2085008768691416
0.4117231791921351
0.2090190122274912
0.11297875007368827
-0.20435960965348796
0.21396255769784223
0.9532451738422676
-0.3872038257622302
0.06728894961636589
0.42648791640744904
1.0057061838650383
