0.42080193233340757
0.21445242754697474
-0.22661415787421876
0.2994902538508706
-0.0911681165349362
0.9725194274120263
-0.05428078695316211
-0.18425345022556266
-0.014488101372388484
-0.44751607496276646
-0.28350695607117904
-0.34168531973278543
-0.2055159237531587
0.8239379444685626
1.035302146378906
-0.8548161289981373
-0.025599198053355948
0.5161636486297937
-1.0969329139411572
0.30259719426511716
0.0793012186497103
1.1285944530689633
-0.1071676625974004
0.3245401536446612
-0.901096890095558
0.3286564005414966
-0.7638327272533422
-0.347351365126482
-0.15630098608443782
0.380892148841403
0.3813074390027865
-0.5555438139277604
0.13338673505618354
-0.5644449176660138
-0.4710040507886012
0.8315013401474075
-0.9686446079444984
0.14298491750395442
-0.5191439605122852
0.2803646178592727
0.038220772304910916
0.5560190350182399
-1.0675331853061862
-0.17427894004827507
0.01577791343381478
0.41364568105632493
-0.39196206614541795
-0.22587829546538962
-0.6205861379188949
0.1761310546237398
0.08901331519878548
-0.3592626952453781
-0.20246943514292348
-0.18717879660083644
-0.6011014987758796
1.082981002866131
-0.044256280482681584
-0.36609481762968016
0.08156199675022802
0.9883031342425019
-0.11734748075359563
-0.37807678058679445
-0.055792698802425496
0.07311197829417929
0.3393082808712724
-0.032379688868081735
-0.2289745116437705
0.4868422309431337
-1.3166013910740841
-1.1865637299923735
0.5969093419279676
0.43899616782574113
