-0.2565621222337455
-0.1747351846215679
-0.5340908760514733
0.5839734209944334
0.07576745577704738
0.12933999994743953
-0.4610265356816114
0.7419360301016015
-0.5216190173883859
0.62356027398559
-0.3134838820397464
0.40034645684361014
-0.04110257787023991
0.5313012487382933
-0.8155634850433178
0.012889143256370056
-0.4510318146616208
0.010507066631166129
-0.04475420164078979
0.20645441124974373
-0.33143625653430164
0.27228300614029893
-0.20990460506485276
1.2961636093861242
-0.13717978439453665
1.135369776638549
-0.5946052690728254
0.6445297507895396
-0.33982806428840695
0.7070040340323366
-0.5120827793293513
-0.3539356995661755
-0.21495111792508545
0.20414619320172123
0.23101065469375384
0.206165348203308
-0.4300413020373445
0.3272204403359196
-0.34168670291332853
-0.27450765012320066
-0.3071661378520425
0.5740645675621829
-0.6921233574591532
0.7379838137676096
-1.04146244572513
0.6676431281658284
-0.6107143059367314
-0.01835851670077418
-0.13120571878589035
0.9429763605380574
-0.17349427403386924
0.017754178837052534
-0.573433756614905
-0.09662415203459335
0.5140803359816534
0.867969816482502
0.040625372755011324
0.12568985799138896
-0.5693306103331418
0.48576602264856494
0.26257779885132637
0.6792707113177832
-0.41759148369248034
0.4680317771762097
-1.030359953824061
0.04071991428575549
-0.36550575734892915
0.3361046857477253
-0.028468987967041226
-0.38774858993530015
-0.11240974914633428
0.7209091313425248
