-0.19445850569124104
0.26620646519171764
-0.07877919651272375
0.34288186918228425
-0.4289264815806479
0.6646004711108884
-0.44630413342261277
0.8012753639712882
0.5652053018710299
0.40649858647117904
-0.05444603392853259
0.7701875802256894
0.9628315643051923
-0.005738120230697363
-0.234096575994905
0.05184392037015545
-0.2747247991793388
0.18165591042203166
-0.2864417106057507
0.06241862286176007
-0.5568637301283599
0.22753803485091423
0.06342203835909624
-0.3873321669527753
0.20386922841901525
0.2522765811800905
-0.411404796033578
-0.2748361008899447
-0.07552579573732143
0.9382755699192981
-0.24033091163055148
-0.12860566828962927
-0.031189249564859692
-0.428650621859586
0.13525454356237954
0.10496860499113786
-0.30358331940969313
0.1055590760147973
-0.1661223319980939
0.9560825872124075
0.06631159301699821
0.6419420274167883
-0.3119434292461276
0.4757596316640046
-0.45291946341326217
0.43098917451515595
-0.8717594037933283
0.202862658740185
-0.41286900567193285
-0.0003109071840876887
-0.27909522809648374
0.8673835406985395
0.23818168138248794
-0.3687920139187912
-0.11820914715476973
0.002710732405183658
0.5433992173402292
0.2037485065167592
-0.6005201206540738
0.5099076500228419
-0.04111496236759299
0.17814092376948584
-0.7156798728774726
-0.16177856776507027
0.2881422973687136
-0.2149804729797268
0.1536635656198226
0.35319110488402106
-0.5168283182356372
0.0968767646039943
0.4695630643104078
0.573116628729672
