0.4807861391402291
1.0208397192308676
-0.06096608663243132
0.47866850342735173
-0.35126040199992553
0.4098930157874755
-1.0503894636648936
-1.0815288922245716
0.632555113078602
0.34863474890797763
0.12928284828548484
-0.6481396209303836
-0.33446693667711824
-0.47772844102959566
-0.29647063384061934
-0.29321452976687057
-0.3002742674624156
-0.14523820195073955
-0.042657194526651315
0.3898600186758807
0.12757581788566758
-0.45120691510796845
-0.40235524036999315
0.34395169554895566
-0.47452484287656205
0.16613070733845553
0.002293804924677678
-0.14807912820961136
0.4244348109495688
0.7529142205880219
0.2125603457494013
-0.35569070346460485
-0.2611566501142179
-1.0446572798158522
-0.3586024201475382
-0.5713003748870575
1.1258218856385287
0.002177195008139954
-0.6698866905353906
-0.04837863720524738
-0.3055341384907718
1.0928453191867338
0.37150956493781084
0.26570175087643166
-0.6244724038500911
0.05470057013256202
-0.5720261537990771
0.010583547826128803
0.10181459104245683
-0.48418743796979563
0.13695516367472768
0.1098038509520047
-0.001218003884311536
-0.6113999052058148
-0.5191118863215488
0.6897283109015572
-0.13576281040566582
0.06434909608247757
0.009771357619309862
1.3841901438653301
-0.5746969173268409
0.6153587013029529
0.11972250779988428
-0.2617108304640477
0.34985153786916234
-1.172357096279276
0.15231705749515162
0.35970958796086594
0.023603596330436516
-0.6052004101454841
0.63005437246593
0.6345067344012573
