-0.33194431931838986
0.5180609052473948
0.2762074200880741
0.6163447649870151
-0.4965190766234613
0.08098373169894471
-0.18178554076908368
-0.008516146426666038
-0.3284371408256432
0.6380544793081935
0.0458145485239298
0.18497327197884034
0.42752047738572263
0.3949853716003796
0.5699945419983542
0.2511781402775499
-0.5010817856325425
-0.1996741574885728
-0.3328822917462696
0.20581559773313093
-0.9138737951297793
0.05106252682096443
-0.02820700330961262
0.27432956265614
-0.32703046960613547
0.5894024470136506
-1.0087361189734905
-0.22450684658074815
-0.21188349876276974
0.5030097539245365
-1.4991095265205092
0.8335426592305542
0.21173698387584186
-0.371839937916788
0.32023981776432214
0.11187534159337593
-0.5291785733198727
0.5365939551302928
0.26510968876317387
-0.28736063586384886
-0.5727474096464764
-0.12488662405984399
0.14945695882583998
0.33946075793034747
-0.40233255869796125
0.41794584985602173
-0.29616693130641225
-0.4027819322527566
0.365911464865708
-0.4456312449952362
0.17148061854997018
0.13382256351437827
-0.129878658579574
-0.2554690343799919
-0.1709640572358423
0.7072754000386056
0.022513875639431156
-0.06267422320261334
-1.0282097923128555
0.008388267539915728
-0.8301272091062086
0.5473793773385285
0.23632883667844384
-0.056189909798306736
-0.16696952319840375
-0.7819512926315828
-0.4357335651382363
0.2641318720733214
-0.6481228411072125
-0.4364270780302446
0.24087817862502292
0.8276606452906212
