-0.5155702287623997
0.6514486574130887
0.4354633786081239
0.7548599270539706
0.47687173181741793
0.23333744201999923
-0.111221204871955
0.746466214984581
0.11785107633982445
0.4891035804484425
0.024403583690415315
-0.13214071336791391
0.7132751233347061
0.4482504570430358
-0.4731386653404209
-1.1495317313024533
-0.3477695858075732
0.08066584724863538
-0.14801874359563083
0.06670918034582221
0.16507487884942124
0.3351669828040409
-0.7301164664835882
1.1169001741803635
-0.17661390492197565
0.388633864854855
-0.7508956020220481
0.2819466148438317
-0.2005141647762018
1.414357453096681
-0.4328158846436913
-0.29721796265152844
0.45534943271370343
-0.43553421616092536
0.160514908940104
-0.027231898882906808
-0.16762007331709303
-0.21641050582376725
-0.7457364203935071
0.7928763592731326
0.3852682380551138
0.060639578611383145
-0.9288778313052439
0.2856849425807911
-0.2607419476608142
1.0110020375248105
-0.7680592475618869
0.48700664536018506
-0.7458638807362559
-0.005198349870664559
0.225973521104461
0.2699328963979578
-0.16846021439446332
0.3145340714136936
0.2164243458015726
0.39182649806645287
-0.11553984561386137
-0.12855537535516318
-0.22929960336825972
1.290593785188798
0.06667224986451095
0.4180089598471459
-0.046983612195536865
0.10550576284155527
-0.6939737543874402
-1.1991508203925256
-0.7199883171280678
-0.2881986452126504
-0.870727692474368
-0.3044402409418254
0.33044305809142793
0.341353447639186
