0.7755700554256313
0.46464311409213566
-0.11760441222344986
0.0015220378310759342
-0.10484566804946954
-0.8792574291233177
-0.7024398328307202
0.15132404734530372
-0.22996165667752766
0.598248980488079
-1.0558652425265211
-0.6870646273573158
-0.14599139122951904
0.9639115411588776
-0.16887431297799557
-0.5878057998491169
-0.43446329251217053
-0.5841828721223415
0.3373325470825026
0.49487367876549954
-0.3809881772941802
-0.5415975325956682
-0.5284758797160216
1.0956636690314991
-0.9943619347328606
0.401803201020885
-0.2580230199051844
0.3514457601956985
-0.09177350351734093
0.04985806140162291
-0.2947185338534234
0.12672042810473572
-0.3149079405286564
-0.20139482017533672
0.35698109968804165
0.1467841067257475
-0.04519733672692304
0.40887653413929476
-0.46971297645283777
-0.07547927454062582
-0.28202937493040414
0.9276465127779894
-0.06263383742532089
-0.6102010714348015
-0.695560729142677
0.8682117741793931
0.5855409419907714
0.5736693129970825
0.2824200231136265
-0.25241882029228335
-0.3729621647339287
0.48474499000802956
0.05446855125277549
-0.02957752352754765
0.17594210516878767
1.0011174218011216
-1.0994018395382668
0.5497923884842723
-0.6131572628372792
0.856611199825727
-0.7548730233964644
-0.5534314136850547
-0.1697651545600574
0.10224941342467542
0.6075544940774578
-0.011065694004351284
-0.415874180639147
0.14673903716783454
0.5127305073999661
0.44163217202684824
-0.003678265815412751
0.19548484426091697
