-0.07006272244078991
0.33982144376650625
0.1020869921748645
-0.31048386959023583
0.0030292012960575487
0.3136035019200575
-0.4674815552940017
-0.15849776142706307
0.42631564818066003
0.6564451409795993
0.3903414574180083
-0.2610580690472593
0.29808385122991976
0.07124532308211767
-0.12251380236257009
-0.33433668761128843
-0.10255409285181133
-0.18300113246836228
0.13518578160496036
0.8434120636195526
-0.3062181432990201
0.13127416066950287
-0.7180469005177472
-0.24029343574849954
-0.12181767148221545
0.32202636714632044
-0.20939942493462693
0.29408888796327537
0.2005979783982248
0.270554805841449
-0.298148110801731
-0.7180993030947423
-0.25041147570325717
0.08266376967833916
0.09804818845879612
-0.31630499491127295
-0.5169202014126956
-0.32021926182732674
-0.644814175724652
0.1680407898697006
-0.43190736007943914
-1.0457559286996745
-0.6539407728010423
0.37368038151176447
-0.21814609097823617
1.250810203795789
-0.176087828449593
-0.044725121890887024
-0.16323729363691686
-0.5603436825738697
-0.1877238189789871
0.18079207508967748
-0.24079736647653316
0.2540372344916802
-0.32024219732240505
1.2146683226056922
0.3485305219567897
-0.08106759345867103
0.05202404362377697
0.5959139517118544
0.22470777052828939
-0.057568717844730166
-0.24947705077816915
0.8680987848954179
0.0632289006108221
-0.9383327154581328
0.5311062854438721
-0.14051154412884373
-0.692121108615622
-0.5225801869666447
0.3821415083289692
0.8286116366090754
